1.307371500000000140e+02 1.082201299999999975e+02 5.069033000000000300e+01 3.257489000000000345e+01 1.984767499999999885e+01 1.753180300000000003e+01 1.363752300000000162e+01 1.092647200000000041e+01 1.109729899999999958e+01 8.697613999999999734e+00 1.360841500000000082e+01 6.294717000000000340e+00 8.784836000000000311e+00 4.979562800000000067e+00 5.742115000000000080e+00 9.542714999999999392e+00 6.589044599999999363e+00 7.335484499999999741e+00 5.754764599999999675e+00 6.995711999999999264e+00 1.848157199999999944e+00 4.426470000000000127e+00 3.476156700000000210e+00 3.551614499999999897e+00 4.181061299999999648e+00 5.511490300000000175e+00 5.142419300000000248e+00 6.728576700000000521e+00 1.594993799999999906e+00 6.446448999999999430e+00 5.394718000000000124e+00 6.125804000000000471e+00 8.287233000000000516e-01 4.155046500000000087e+00 2.359084999999999877e+00 2.604569699999999877e+00 4.643691999999999709e+00 1.828033000000000019e+00 8.293896999999998965e-01 2.787653399999999948e+00 4.792634500000000131e+00 4.675502999999999965e+00 2.312535000000000007e+00 2.206925599999999932e+00 4.204807999999999879e+00 2.287913600000000436e+00 1.367852099999999904e+00 2.471995600000000071e+00 8.608478000000000518e-01 5.115309700000000070e+00 0.000000000000000000e+00 5.798413799999999618e+00 1.476682700000000015e+00 0.000000000000000000e+00 1.195202700000000062e+00 5.771965999999999930e+00 3.710741000000000955e+00 2.481830599999999887e+00 0.000000000000000000e+00 1.197170499999999915e+00
1.082201299999999975e+02 1.350178200000000004e+02 9.565962000000000387e+01 4.930670500000000089e+01 3.412076600000000326e+01 2.859482399999999913e+01 2.177651399999999882e+01 1.440109799999999929e+01 1.772026299999999921e+01 3.821153900000000103e+00 8.704186999999999230e+00 1.140760700000000050e+01 7.894377700000000608e+00 6.563067400000000440e+00 5.676083599999999230e+00 1.100514199999999931e+01 3.256637299999999957e+00 7.251130599999999760e+00 6.636686000000000085e+00 4.610176999999999303e+00 1.004797499999999921e+01 6.563352000000000075e+00 5.154274500000000536e+00 4.388466400000000434e+00 4.132981299999999081e+00 5.448111500000000440e+00 2.033313800000000171e+00 5.701030000000000264e+00 3.941630599999999873e+00 4.460623000000000005e+00 3.047246700000000086e+00 4.325257999999999825e+00 4.915160700000000382e+00 1.369088599999999989e+00 3.109275999999999929e+00 2.574618599999999979e+00 9.180584000000000522e-01 0.000000000000000000e+00 1.639704499999999898e+00 1.837064599999999936e+00 2.368761000000000116e+00 3.697389799999999838e+00 2.285941999999999918e+00 1.090773599999999899e+00 6.927425000000000388e-01 1.507735800000000070e+00 2.028183999999999987e+00 2.443569000000000102e+00 0.000000000000000000e+00 1.264121699999999793e+00 1.394094600000000073e+00 4.298801400000000328e+00 2.919403299999999923e+00 1.243333599999999928e+00 1.181458499999999967e+00 8.558388000000000773e+00 1.834034799999999965e+00 2.453291000000000111e+00 3.322203599999999923e+00 1.183403699999999947e+00
5.069033000000000300e+01 9.565962000000000387e+01 1.590318300000000136e+02 1.147479299999999967e+02 5.836398700000000161e+01 3.572423599999999766e+01 2.274053400000000025e+01 2.421217499999999845e+01 1.628415100000000137e+01 1.256948299999999996e+01 9.717513999999999541e+00 1.000659199999999949e+01 8.309803000000000495e+00 9.355173000000000627e+00 9.957959999999999923e+00 1.103263500000000086e+01 1.142670400000000086e+01 3.816353299999999837e+00 6.653264999999999318e+00 8.087963999999999487e+00 4.006336699999999418e+00 6.716825999999999297e+00 3.014171000000000156e+00 6.159200700000000417e+00 7.855017699999999436e+00 9.558011999999999730e+00 3.567187999999999803e+00 9.168248000000000175e+00 4.840559500000000348e+00 5.030736400000000330e+00 5.346003500000000130e+00 3.794054699999999780e+00 1.437169799999999942e+00 6.004725699999999833e-01 1.363706400000000096e+00 3.764031600000000033e+00 0.000000000000000000e+00 7.925425000000000386e-01 1.438325499999999924e+00 4.028617399999999904e+00 1.385229100000000102e+00 2.432473400000000119e+00 2.673594700000000213e+00 9.568111299999999542e-01 3.038319599999999898e+00 0.000000000000000000e+00 5.930313499999999571e-01 2.143463999999999814e+00 2.985759999999999970e+00 3.326608699999999974e+00 4.891519999999999868e+00 0.000000000000000000e+00 0.000000000000000000e+00 0.000000000000000000e+00 3.109075999999999951e+00 2.502432000000000212e+00 1.608789299999999978e+00 2.151991999999999905e+00 3.885586500000000054e+00 5.190324999999999633e+00
3.257489000000000345e+01 4.930670500000000089e+01 1.147479299999999967e+02 1.618378800000000126e+02 9.917498999999999398e+01 4.533456000000000330e+01 3.918283000000000271e+01 2.209175099999999858e+01 1.308076100000000075e+01 1.110651900000000047e+01 1.303306700000000085e+01 9.042875000000000441e+00 1.223770700000000033e+01 1.033290399999999920e+01 1.099868999999999986e+01 1.066247000000000078e+01 5.521658999999999651e+00 1.124055800000000005e+01 6.430036499999999933e+00 4.466627599999999809e+00 7.080077000000000176e+00 1.059830949999999916e+01 5.826080300000000101e+00 6.802912700000001145e+00 8.008582000000000534e+00 2.111388400000000054e+00 5.910004599999999719e+00 6.444099999999999717e+00 5.346457499999999641e+00 6.173900599999999628e+00 4.428544999999999732e+00 3.352464200000000005e+00 3.968429299999999937e+00 3.316146600000000166e+00 1.506230500000000028e+00 1.662967700000000049e+00 2.668417200000000378e+00 1.750745900000000077e+00 1.588648199999999955e+00 2.669794599999999907e+00 4.590008000000000088e+00 2.686696799999999996e+00 1.476509099999999908e+00 0.000000000000000000e+00 2.013516999999999779e+00 1.460788699999999940e+00 0.000000000000000000e+00 2.367482400000000098e+00 5.771164999999999878e+00 1.224760000000000071e+00 2.701372099999999943e+00 2.776631800000000094e+00 2.828500500000000084e+00 1.204619300000000059e+00 2.289341700000000035e+00 3.685289399999999826e+00 8.884638000000001368e-01 7.923005999999999105e-01 2.145839000000000052e+00 3.439666499999999960e+00
1.984767499999999885e+01 3.412076600000000326e+01 5.836398700000000161e+01 9.917498999999999398e+01 1.162994999999999948e+02 9.963514000000000692e+01 5.195291000000000281e+01 3.154099000000000075e+01 2.287050599999999889e+01 1.883027999999999835e+01 1.754729999999999990e+01 1.277627200000000052e+01 1.426433699999999938e+01 8.085542000000000229e+00 7.458986000000000338e+00 7.747469999999999857e+00 1.069893099999999997e+01 5.955479599999999429e+00 3.893446700000000593e+00 8.519441999999999737e+00 7.502341700000000557e+00 7.187460000000000626e+00 4.938844000000000456e+00 5.766917700000000480e+00 9.051970999999999989e+00 6.264480000000000715e+00 7.514981299999999642e+00 7.023532400000000564e+00 5.827193700000000476e+00 5.233695500000000500e+00 4.379824000000000161e+00 9.946745999999999199e+00 4.036906700000000292e+00 1.124456300000000075e+00 3.192127999999999854e+00 1.409719299999999897e+00 3.770086500000000118e+00 1.484129999999999949e+00 3.366794300000000018e+00 4.526438999999999879e+00 1.297002999999999906e+00 1.518365100000000245e+00 6.258279700000000112e-01 8.958712999999999260e-01 1.137922899999999959e+00 2.476659300000000119e+00 3.331565100000000168e+00 6.689819000000000182e-01 2.096696399999999905e+00 4.152980300000000291e+00 2.289988300000000088e+00 4.707573400000000241e+00 2.397756600000000127e+00 0.000000000000000000e+00 2.911057200000000122e+00 3.124067800000000172e+00 3.765811699999999984e+00 6.716435000000000599e-01 1.819055700000000053e+00 0.000000000000000000e+00
1.753180300000000003e+01 2.859482399999999913e+01 3.572423599999999766e+01 4.533456000000000330e+01 9.963514000000000692e+01 1.402493899999999769e+02 1.219870999999999981e+02 4.705848699999999951e+01 2.816025499999999937e+01 1.673707600000000184e+01 1.320356749999999835e+01 2.595666299999999893e+01 1.448993100000000034e+01 1.437348000000000070e+01 7.576951499999999839e+00 1.573999599999999965e+01 7.471843999999999930e+00 8.469533999999999452e+00 6.328036299999999947e+00 8.654178999999999178e+00 4.572595999999999883e+00 8.213772999999999769e+00 6.450368400000000335e+00 5.858123299999999922e+00 6.321652400000000505e+00 4.545396000000000214e+00 9.330239999999999867e+00 7.134611600000000387e+00 7.234763599999999961e+00 3.189880800000000072e+00 6.355845999999999663e+00 6.495465000000000266e+00 6.834585999999999162e-01 3.997839499999999990e+00 6.485224400000000333e-01 2.148021700000000145e+00 7.659423000000000759e-01 1.507602000000000109e+00 1.368016399999999910e+00 1.532675399999999799e+00 1.317515500000000062e+00 3.084757000000000193e+00 1.271451199999999782e+00 9.100397000000000070e-01 2.889798600000000217e+00 1.886871200000000082e+00 0.000000000000000000e+00 2.038686000000000220e+00 4.259712000000000387e+00 3.163995499999999961e+00 3.489307399999999948e+00 5.977531400000000161e+00 0.000000000000000000e+00 5.186608000000000551e+00 2.957096299999999900e+00 3.173475700000000010e+00 3.825368999999999797e+00 2.729063000000000017e+00 1.847824600000000039e+00 9.873216000000000214e-01
1.363752300000000162e+01 2.177651399999999882e+01 2.274053400000000025e+01 3.918283000000000271e+01 5.195291000000000281e+01 1.219870999999999981e+02 1.294197000000000060e+02 1.018484899999999982e+02 3.875520000000000209e+01 2.575251199999999940e+01 1.106075799999999987e+01 1.346066599999999980e+01 1.497589600000000054e+01 1.392474099999999915e+01 9.067553000000000196e+00 2.040620799999999946e+01 8.128880000000000550e+00 4.343884499999999704e+00 1.230602700000000027e+01 3.452233300000000060e+00 7.296206500000000261e+00 6.553103400000000356e+00 5.146226000000000411e+00 4.381613699999999945e+00 6.877546000000000603e+00 7.615445599999999260e+00 7.105485000000000717e+00 6.640815700000000987e+00 4.722571000000000296e+00 6.362367599999999790e+00 6.845598700000000925e+00 2.591102100000000075e+00 2.453742700000000276e+00 4.784327499999999844e+00 1.552210300000000043e+00 8.568660599999999850e-01 1.833249700000000093e+00 3.608379799999999804e+00 2.455715999999999788e+00 9.170979999999999688e-01 3.941770299999999949e+00 2.768711999999999840e+00 3.803954399999999847e+00 2.178140600000000315e+00 6.916607599999999856e-01 3.763453699999999902e+00 2.700022500000000214e+00 1.626502200000000009e+00 5.097718200000000088e+00 3.786442999999999781e+00 4.175753000000000270e+00 4.292088500000000195e+00 4.372266999999999904e+00 1.241392000000000051e+00 1.179613600000000151e+00 5.696682499999999649e+00 0.000000000000000000e+00 2.449460300000000146e+00 2.211343999999999976e+00 4.726223000000000063e+00
1.092647200000000041e+01 1.440109799999999929e+01 2.421217499999999845e+01 2.209175099999999858e+01 3.154099000000000075e+01 4.705848699999999951e+01 1.018484899999999982e+02 1.497630599999999959e+02 1.111532899999999842e+02 6.071050300000000277e+01 2.011522300000000030e+01 1.677631400000000284e+01 1.550720100000000023e+01 1.611507800000000046e+01 1.574079399999999929e+01 1.271634500000000045e+01 6.585277000000000491e+00 5.027169999999999916e+00 6.573113000000000206e+00 5.327018299999999762e+00 6.332915299999999803e+00 7.583895000000000053e+00 9.926197000000000159e+00 9.127501000000000531e+00 1.193905799999999928e+01 1.007239099999999965e+01 5.873689700000000791e+00 6.587489599999999612e+00 1.001994200000000035e+01 8.099472999999999701e+00 4.401333300000000115e+00 7.996474700000000269e+00 2.839712399999999803e+00 7.909848699999999511e-01 3.592740800000000068e+00 4.958248000000000211e+00 1.060808299999999926e+00 3.131978800000000174e+00 5.683991400000000027e+00 1.061355999999999966e+00 4.561804000000000414e+00 0.000000000000000000e+00 8.804619299999999482e-01 2.520758400000000066e+00 1.600915699999999831e+00 1.742175299999999982e+00 7.811828000000000660e-01 0.000000000000000000e+00 9.832634300000000493e-01 5.842725299999999677e+00 3.221727800000000030e+00 3.311484600000000000e+00 1.686672299999999902e+00 0.000000000000000000e+00 2.730329499999999854e+00 2.197586799999999840e+00 3.178816299999999817e+00 9.449187000000000003e-01 2.559184600000000032e+00 2.734824999999999839e+00
1.109729899999999958e+01 1.772026299999999921e+01 1.628415100000000137e+01 1.308076100000000075e+01 2.287050599999999889e+01 2.816025499999999937e+01 3.875520000000000209e+01 1.111532899999999842e+02 1.391714000000000055e+02 1.133157999999999959e+02 5.657457700000000500e+01 2.696217700000000050e+01 2.244858999999999938e+01 2.199550400000000039e+01 1.567944999999999922e+01 1.788252300000000261e+01 1.322947099999999843e+01 1.296079100000000039e+01 8.473230000000000928e+00 1.217318000000000033e+01 9.647888999999999271e+00 7.998711999999999378e+00 6.979420700000000366e+00 1.426184899999999978e+01 8.954375000000000639e+00 5.311660999999999966e+00 8.259952000000000183e+00 6.947805999999999926e+00 8.966791000000000622e+00 6.212720400000000254e+00 7.427316999999998615e+00 7.028216000000000463e+00 4.658945600000000020e+00 3.893164000000000069e+00 3.157710999999999935e+00 3.486299999999999955e+00 3.729438299999999984e+00 6.606577999999999840e+00 3.996592999999999840e+00 1.492545400000000022e+00 5.773585299999999698e+00 6.007977999999999597e+00 3.095402200000000104e+00 4.431060999999999694e+00 5.628270499999999954e-01 7.349869299999999939e+00 4.394193000000000460e+00 3.308845300000000211e+00 2.074090200000000106e+00 5.135254399999999997e+00 2.265298000000000034e+00 2.328408700000000220e+00 1.185952300000000070e+00 2.020322800000000196e+00 9.598902499999999449e-01 2.317788600000000088e+00 2.980167400000000022e+00 6.644020000000000481e-01 2.699164399999999908e+00 4.807352999999999987e+00
8.697613999999999734e+00 3.821153900000000103e+00 1.256948299999999996e+01 1.110651900000000047e+01 1.883027999999999835e+01 1.673707600000000184e+01 2.575251199999999940e+01 6.071050300000000277e+01 1.133157999999999959e+02 1.766108600000000024e+02 1.208176600000000036e+02 3.720088599999999701e+01 2.323564100000000110e+01 1.961900699999999986e+01 1.983897199999999827e+01 1.446053700000000042e+01 1.198163699999999920e+01 8.003386000000000777e+00 6.104330499999999660e+00 7.420658000000000420e+00 1.680361200000000110e+01 9.055319000000000784e+00 7.901382000000000794e+00 8.072900000000000631e+00 9.503645999999999816e+00 6.013315699999999708e+00 7.480853999999999004e+00 5.243727699999999992e+00 1.522691799999999951e+01 1.523903900000000178e+01 1.191196300000000008e+01 9.547947999999999880e+00 6.027861599999999598e+00 5.666708500000000370e+00 6.434703999999999979e+00 6.314928000000000097e+00 5.066503500000000493e+00 7.479287599999999259e+00 5.278620000000000090e+00 6.758825299999999814e+00 3.631255400000000133e+00 7.651816400000000407e+00 4.205155000000000420e+00 4.013112999999999708e+00 3.185874200000000211e+00 6.240574400000000743e+00 3.109158499999999936e+00 5.244308000000000192e+00 3.913452599999999837e+00 3.488164199999999937e+00 7.693611999999999895e+00 9.225946999999999676e+00 0.000000000000000000e+00 2.287201599999999946e+00 3.260066999999999826e+00 8.746539000000000952e-01 0.000000000000000000e+00 2.256502600000000136e+00 1.018572100000000091e+00 2.176956199999999786e+00
1.360841500000000082e+01 8.704186999999999230e+00 9.717513999999999541e+00 1.303306700000000085e+01 1.754729999999999990e+01 1.320356749999999835e+01 1.106075799999999987e+01 2.011522300000000030e+01 5.657457700000000500e+01 1.208176600000000036e+02 1.350427699999999902e+02 9.718400599999999656e+01 4.210209700000000055e+01 2.250127799999999922e+01 1.816292999999999935e+01 1.437363700000000044e+01 9.304401000000000366e+00 1.215391499999999958e+01 1.300210099999999969e+01 5.268616999999999884e+00 9.047257999999999356e+00 7.500750999999999280e+00 1.178084849999999939e+01 1.136787999999999954e+01 1.259537899999999944e+01 7.471473700000000662e+00 1.084401800000000016e+01 1.665013300000000029e+01 1.801834900000000061e+01 1.213738900000000065e+01 1.567108900000000204e+01 1.384041400000000088e+01 1.248257699999999915e+01 1.251701000000000086e+01 6.514480000000000715e+00 9.807779000000000025e+00 3.497261500000000023e+00 7.572014299999999309e+00 3.747784600000000133e+00 4.198879999999999946e+00 3.609433399999999903e+00 6.338194399999999895e+00 9.288632000000001554e+00 4.155205000000000481e+00 5.805670000000000108e+00 7.466660499999999701e+00 6.696027299999999904e+00 1.054969900000000038e+01 7.131547500000000817e+00 2.889335200000000103e+00 5.310679000000000372e+00 2.183453300000000041e+00 2.224241300000000088e+00 3.789094400000000196e+00 2.700396299999999972e+00 4.346988699999999817e+00 6.986591999999999247e-01 0.000000000000000000e+00 1.687418500000000154e+00 1.803228300000000006e+00
6.294717000000000340e+00 1.140760700000000050e+01 1.000659199999999949e+01 9.042875000000000441e+00 1.277627200000000052e+01 2.595666299999999893e+01 1.346066599999999980e+01 1.677631400000000284e+01 2.696217700000000050e+01 3.720088599999999701e+01 9.718400599999999656e+01 1.232261699999999962e+02 1.087805199999999957e+02 5.242651400000000450e+01 2.947177299999999889e+01 1.569826899999999981e+01 2.032373600000000025e+01 1.013649700000000031e+01 1.798709299999999800e+01 5.754157000000000188e+00 8.208852999999999511e+00 1.092266500000000029e+01 6.862153000000000169e+00 1.139305700000000066e+01 1.581955100000000058e+01 1.305603600000000064e+01 1.827262899999999846e+01 2.277023099999999900e+01 1.416878299999999946e+01 1.081684300000000043e+01 1.064951399999999992e+01 1.122895800000000044e+01 9.815713000000000577e+00 4.101162000000000418e+00 6.985474599999999867e+00 5.998516000000000403e+00 3.666776399999999825e+00 5.412978599999998863e+00 3.274535399999999985e+00 8.254505999999999233e+00 7.095722699999999605e+00 6.460816400000000570e+00 3.804241999999999901e+00 3.267457999999999974e+00 5.533704300000000131e+00 5.269232999999999834e+00 6.075509499999999896e+00 1.626625200000000104e+00 7.647155299999999656e+00 1.262243000000000004e+00 1.392022799999999894e+00 1.430804399999999976e+00 4.372597700000000032e+00 2.482971699999999782e+00 3.539108300000000096e+00 2.848556499999999936e+00 9.156546599999999536e-01 1.633096799999999904e+00 2.211511100000000063e+00 1.181645000000000056e+00
8.784836000000000311e+00 7.894377700000000608e+00 8.309803000000000495e+00 1.223770700000000033e+01 1.426433699999999938e+01 1.448993100000000034e+01 1.497589600000000054e+01 1.550720100000000023e+01 2.244858999999999938e+01 2.323564100000000110e+01 4.210209700000000055e+01 1.087805199999999957e+02 1.464123999999999910e+02 1.191023699999999934e+02 5.263550000000000040e+01 2.628999100000000055e+01 2.475366599999999906e+01 2.094399299999999897e+01 2.306074500000000072e+01 1.664490499999999784e+01 1.319196799999999925e+01 1.995518900000000073e+01 1.110031599999999941e+01 1.134127299999999927e+01 1.099516200000000055e+01 1.407975300000000018e+01 1.236415799999999976e+01 1.227781700000000065e+01 8.988089000000000439e+00 1.307770099999999935e+01 6.369575000000000209e+00 5.260197999999999929e+00 2.490672299999999950e+00 3.642249800000000093e+00 1.772518000000000038e+00 1.304643300000000172e+00 3.489076400000000078e+00 6.867538499999999324e+00 3.739012999999999920e+00 3.490877400000000019e+00 3.000821399999999972e+00 2.107786700000000124e+00 2.316723000000000088e+00 2.487287799999999827e+00 3.159317300000000106e+00 3.438085300000000011e+00 3.597114299999999432e+00 1.238236200000000009e+00 4.527635599999999982e+00 3.843430300000000077e+00 2.119299700000000453e+00 6.535028999999999755e+00 1.109517800000000110e+00 9.450565600000000455e-01 2.694075999999999915e+00 1.445604799999999912e+00 1.394047999999999954e+00 3.107906600000000186e+00 3.366938000000000208e+00 8.995039000000000229e-01
4.979562800000000067e+00 6.563067400000000440e+00 9.355173000000000627e+00 1.033290399999999920e+01 8.085542000000000229e+00 1.437348000000000070e+01 1.392474099999999915e+01 1.611507800000000046e+01 2.199550400000000039e+01 1.961900699999999986e+01 2.250127799999999922e+01 5.242651400000000450e+01 1.191023699999999934e+02 1.496918000000000006e+02 1.138810959999999994e+02 2.856239300000000014e+01 2.829639999999999844e+01 2.978367000000000075e+01 1.722464200000000289e+01 1.456621499999999969e+01 1.298755700000000068e+01 1.382494999999999941e+01 9.499777999999999167e+00 1.317241800000000040e+01 9.793858999999999426e+00 1.291030100000000047e+01 1.686408600000000035e+01 1.050749600000000150e+01 1.058580700000000085e+01 7.046843499999999594e+00 9.026263999999999399e+00 6.832995399999999719e+00 3.882458999999999882e+00 2.162871400000000222e+00 4.298000299999999996e+00 2.033677299999999910e+00 2.900677400000000183e+00 2.854697499999999888e+00 6.475967999999999947e+00 5.804349400000000436e+00 7.484285999999999994e+00 4.380822000000000216e+00 4.213191000000000130e+00 2.584788600000000436e+00 2.735967899999999897e+00 1.190952300000000186e+00 5.340171500000000515e-01 0.000000000000000000e+00 2.688638399999999873e+00 6.989660000000000650e+00 3.303563399999999817e+00 3.395599799999999835e+00 2.306020999999999876e+00 3.928409799999999841e+00 1.866455299999999928e+00 3.004544000000000104e+00 1.448694099999999985e+00 3.875682600000000200e+00 3.498921000000000170e+00 9.347641500000000159e-01
5.742115000000000080e+00 5.676083599999999230e+00 9.957959999999999923e+00 1.099868999999999986e+01 7.458986000000000338e+00 7.576951499999999839e+00 9.067553000000000196e+00 1.574079399999999929e+01 1.567944999999999922e+01 1.983897199999999827e+01 1.816292999999999935e+01 2.947177299999999889e+01 5.263550000000000040e+01 1.138810959999999994e+02 1.861234399999999880e+02 8.248404000000000735e+01 3.915552999999999884e+01 5.072437999999999647e+01 3.212521000000000271e+01 3.149405900000000358e+01 1.297956800000000044e+01 1.076088500000000003e+01 5.633763000000000076e+00 1.534948400000000035e+01 1.204656499999999930e+01 1.310085699999999953e+01 1.111233799999999938e+01 5.192817999999999934e+00 1.120160699999999920e+01 5.572095000000000020e+00 2.498043000000000013e+00 3.782100199999999912e+00 4.477004499999999609e+00 2.992902799999999974e+00 4.248154600000000336e+00 1.876085800000000026e+00 0.000000000000000000e+00 3.950226300000000190e+00 5.376725000000000421e+00 3.011942900000000201e+00 2.589120600000000216e+00 7.072359599999998636e+00 4.997194999999999609e+00 2.384490700000000185e+00 3.028746100000000219e+00 3.295993000000000173e+00 7.389535000000000409e-01 2.670888000000000151e+00 3.720440099999999806e+00 1.381719600000000492e+00 0.000000000000000000e+00 0.000000000000000000e+00 3.190987799999999819e+00 2.717995200000000278e+00 2.582733000000000168e+00 0.000000000000000000e+00 2.004650400000000054e+00 2.681514299999999462e+00 3.631259399999999804e+00 2.586984999999999868e+00
9.542714999999999392e+00 1.100514199999999931e+01 1.103263500000000086e+01 1.066247000000000078e+01 7.747469999999999857e+00 1.573999599999999965e+01 2.040620799999999946e+01 1.271634500000000045e+01 1.788252300000000261e+01 1.446053700000000042e+01 1.437363700000000044e+01 1.569826899999999981e+01 2.628999100000000055e+01 2.856239300000000014e+01 8.248404000000000735e+01 1.285112900000000025e+02 1.096855199999999968e+02 5.488145400000000507e+01 3.587922999999999973e+01 1.919111300000000142e+01 1.935814500000000038e+01 2.152621700000000260e+01 1.040294199999999947e+01 1.461454600000000070e+01 1.668330399999999969e+01 8.246997999999999607e+00 1.231159299999999845e+01 8.629849000000000103e+00 8.353219000000001060e+00 2.893800700000000337e+00 6.919086500000000584e+00 7.856753299999999385e+00 3.720125700000000979e+00 2.072437499999999932e+00 2.353310000000000013e+00 3.897290499999999991e+00 2.779394400000000154e+00 6.838341999999999921e+00 2.482078000000000007e+00 2.780829200000000334e+00 3.585676700000000050e+00 2.798434299999999819e+00 1.153436899999999987e+00 0.000000000000000000e+00 2.097257400000000160e+00 2.282312600000000025e+00 1.023377699999999946e+00 0.000000000000000000e+00 3.864332000000000100e+00 5.740636000000000294e+00 1.055145000000000088e+01 4.338164299999999862e+00 0.000000000000000000e+00 0.000000000000000000e+00 1.251890700000000045e+01 2.878918200000000205e+00 2.776243000000000016e+00 7.427265600000000134e+00 0.000000000000000000e+00 1.791359700000000110e+00
6.589044599999999363e+00 3.256637299999999957e+00 1.142670400000000086e+01 5.521658999999999651e+00 1.069893099999999997e+01 7.471843999999999930e+00 8.128880000000000550e+00 6.585277000000000491e+00 1.322947099999999843e+01 1.198163699999999920e+01 9.304401000000000366e+00 2.032373600000000025e+01 2.475366599999999906e+01 2.829639999999999844e+01 3.915552999999999884e+01 1.096855199999999968e+02 1.397703899999999919e+02 1.500621999999999900e+02 4.830901999999999674e+01 3.975318000000000040e+01 2.864227299999999943e+01 3.087014000000000280e+01 1.818200099999999964e+01 1.857668299999999917e+01 1.187945599999999935e+01 1.452066600000000030e+01 1.115742799999999946e+01 9.682935999999999765e+00 8.033613000000000781e+00 7.492907499999999388e+00 9.554968000000000572e+00 2.712461700000000420e+00 3.210836000000000023e+00 1.073231000000000046e+00 1.828025100000000069e+00 2.018247999999999820e+00 2.878670500000000132e+00 4.249558999999999642e+00 3.856101499999999849e+00 1.440078100000000028e+00 3.094793300000000080e+00 5.796780599999999950e+00 2.389272000000000062e+00 8.550593000000000776e-01 4.344336499999999823e+00 1.772875200000000095e+00 1.059931299999999910e+00 1.277012000000000036e+00 3.335300199999999826e+00 3.963788699999999832e+00 3.278499599999999958e+00 3.369838000000000111e+00 0.000000000000000000e+00 2.923954000000000164e+00 2.778442100000000359e+00 2.981749000000000205e+00 2.156554700000000047e+00 1.923139200000000049e+00 2.604281199999999963e+00 9.276721999999999468e-01
7.335484499999999741e+00 7.251130599999999760e+00 3.816353299999999837e+00 1.124055800000000005e+01 5.955479599999999429e+00 8.469533999999999452e+00 4.343884499999999704e+00 5.027169999999999916e+00 1.296079100000000039e+01 8.003386000000000777e+00 1.215391499999999958e+01 1.013649700000000031e+01 2.094399299999999897e+01 2.978367000000000075e+01 5.072437999999999647e+01 5.488145400000000507e+01 1.500621999999999900e+02 1.235246199999999988e+02 7.810757999999999868e+01 4.023328999999999667e+01 3.953989399999999677e+01 2.443894200000000083e+01 1.799266599999999983e+01 2.083433499999999938e+01 1.731301300000000154e+01 1.673619000000000057e+01 1.987423499999999876e+01 1.459428200000000153e+01 8.806105999999999767e+00 8.897857999999999379e+00 4.254960999999999771e+00 6.039486000000000132e+00 2.287728299999999937e+00 1.911699000000000481e+00 2.170786999999999800e+00 4.793355000000000032e+00 3.845736699999999786e+00 5.046368000000000187e+00 1.144784000000000024e+00 2.565147899999999925e+00 1.102523800000000165e+00 3.872081300000000059e+00 1.063976299999999986e+00 1.523079499999999920e+00 5.803781500000000371e+00 2.105296399999999846e+00 0.000000000000000000e+00 1.137342700000000040e+00 3.564614000000000171e+00 0.000000000000000000e+00 1.946615699999999949e+00 2.000847999999999960e+00 2.038225000000000176e+00 0.000000000000000000e+00 1.649705500000000047e+00 5.311258300000000432e+00 2.560917400000000121e+00 0.000000000000000000e+00 7.731486000000000303e+00 3.304843400000000209e+00
5.754764599999999675e+00 6.636686000000000085e+00 6.653264999999999318e+00 6.430036499999999933e+00 3.893446700000000593e+00 6.328036299999999947e+00 1.230602700000000027e+01 6.573113000000000206e+00 8.473230000000000928e+00 6.104330499999999660e+00 1.300210099999999969e+01 1.798709299999999800e+01 2.306074500000000072e+01 1.722464200000000289e+01 3.212521000000000271e+01 3.587922999999999973e+01 4.830901999999999674e+01 7.810757999999999868e+01 1.575179600000000164e+02 9.574242999999999881e+01 4.169282499999999914e+01 2.296718399999999960e+01 3.764115999999999929e+01 2.563882999999999868e+01 1.509137800000000063e+01 1.193610700000000158e+01 1.670522700000000071e+01 6.939010599999999584e+00 1.223376999999999981e+01 8.143872000000000000e+00 7.649724499999999594e+00 5.527713300000000274e+00 3.739055899999999877e+00 4.999159999999999826e+00 1.419171100000000019e+00 3.133697700000000363e+00 5.028368000000000393e+00 3.299106999999999790e+00 3.742062600000001016e+00 2.515481700000000487e+00 5.045491700000000357e+00 2.531406899999999904e+00 3.477918900000000146e+00 2.987179799999999830e+00 6.323788000000000187e-01 2.064533700000000138e+00 2.468604600000000371e+00 2.974190700000000298e+00 3.107196800000000092e+00 4.615878000000000370e+00 0.000000000000000000e+00 3.924215600000000137e+00 5.330028999999999684e+00 2.269985700000000328e+00 3.235528200000000076e+00 4.340351599999999976e+00 8.371110000000000495e-01 2.239517999999999898e+00 1.010905299999999896e+00 2.160570100000000160e+00
6.995711999999999264e+00 4.610176999999999303e+00 8.087963999999999487e+00 4.466627599999999809e+00 8.519441999999999737e+00 8.654178999999999178e+00 3.452233300000000060e+00 5.327018299999999762e+00 1.217318000000000033e+01 7.420658000000000420e+00 5.268616999999999884e+00 5.754157000000000188e+00 1.664490499999999784e+01 1.456621499999999969e+01 3.149405900000000358e+01 1.919111300000000142e+01 3.975318000000000040e+01 4.023328999999999667e+01 9.574242999999999881e+01 1.509209100000000205e+02 8.616176600000000008e+01 4.005882600000000338e+01 3.622511000000000081e+01 3.506348799999999954e+01 2.216767000000000110e+01 3.022914300000000054e+01 1.917931700000000106e+01 1.897948500000000038e+01 8.748141000000000389e+00 2.828572499999999934e+00 6.763125999999999749e+00 6.719699999999999562e+00 8.181611000000000189e+00 5.317523999999999695e+00 3.450397300000000111e+00 2.857082399999999911e+00 2.037558799999999781e+00 1.002630200000000027e+00 3.639195700000000144e+00 5.096526599999999796e+00 4.381066299999999636e+00 3.077275300000000158e+00 1.691156499999999951e+00 3.631330000000000169e+00 2.306231700000000107e+00 3.346301799999999549e+00 3.751162799999999908e+00 1.807770099999999935e+00 5.665841000000000349e+00 2.805619000000000085e+00 1.547041899999999970e+00 7.950711300000000037e+00 4.859540499999999597e+00 5.518963300000000238e+00 1.311077399999999837e+00 4.221038300000000021e+00 3.052872700000000439e+00 1.814962500000000034e+00 2.457790399999999931e+00 2.626471800000000023e+00
1.848157199999999944e+00 1.004797499999999921e+01 4.006336699999999418e+00 7.080077000000000176e+00 7.502341700000000557e+00 4.572595999999999883e+00 7.296206500000000261e+00 6.332915299999999803e+00 9.647888999999999271e+00 1.680361200000000110e+01 9.047257999999999356e+00 8.208852999999999511e+00 1.319196799999999925e+01 1.298755700000000068e+01 1.297956800000000044e+01 1.935814500000000038e+01 2.864227299999999943e+01 3.953989399999999677e+01 4.169282499999999914e+01 8.616176600000000008e+01 1.180976500000000016e+02 1.039049600000000027e+02 4.079887000000000086e+01 2.701773300000000333e+01 2.362734400000000079e+01 2.204153799999999919e+01 2.861293799999999976e+01 8.356802999999999315e+00 1.456006400000000056e+01 8.967172999999998950e+00 6.030151400000000272e+00 6.847350600000000398e+00 5.763874999999999638e+00 3.612358799999999981e+00 1.367311100000000001e+00 2.264388799999999868e+00 4.037182999999999744e+00 4.767824599999999968e+00 5.768510000000000026e+00 1.615706699999999829e+00 6.944454000000001015e-01 2.438903300000000218e+00 4.020992800000000145e+00 9.593403299999999634e-01 1.218540399999999968e+00 1.989090800000000048e+00 1.783796899999999797e+00 3.581883400000000162e+00 5.238891599999999649e+00 5.559003400000000816e+00 2.452224999999999877e+00 0.000000000000000000e+00 2.567628599999999928e+00 3.280552600000000041e+00 2.078196300000000107e+00 8.363490000000000091e-01 3.226083800000000057e+00 2.157680500000000112e+00 2.921893100000000132e+00 4.163235700000000428e+00
4.426470000000000127e+00 6.563352000000000075e+00 6.716825999999999297e+00 1.059830949999999916e+01 7.187460000000000626e+00 8.213772999999999769e+00 6.553103400000000356e+00 7.583895000000000053e+00 7.998711999999999378e+00 9.055319000000000784e+00 7.500750999999999280e+00 1.092266500000000029e+01 1.995518900000000073e+01 1.382494999999999941e+01 1.076088500000000003e+01 2.152621700000000260e+01 3.087014000000000280e+01 2.443894200000000083e+01 2.296718399999999960e+01 4.005882600000000338e+01 1.039049600000000027e+02 1.682108499999999935e+02 1.140022799999999989e+02 5.546521800000000724e+01 3.772612800000000277e+01 2.524790600000000040e+01 2.569876999999999967e+01 1.501135999999999981e+01 9.963544999999999874e+00 6.711570699999999334e+00 9.628432000000000102e+00 1.184437199999999990e+01 2.588418200000000002e+00 4.325930000000000497e+00 0.000000000000000000e+00 1.807791499999999996e+00 7.735475500000000615e+00 0.000000000000000000e+00 1.726999799999999974e+00 4.837167700000000181e+00 3.326493500000000214e+00 1.947116499999999917e+00 2.407642100000000340e+00 1.148844699999999941e+00 3.648115199999999891e+00 1.588005300000000064e+00 2.136160999999999976e+00 0.000000000000000000e+00 2.688755000000000006e+00 3.994264600000000165e+00 4.404942000000000135e+00 6.036883999999999695e+00 3.074828000000000117e+00 2.619053399999999865e+00 4.977430000000000021e+00 4.006232299999999746e+00 3.863351999999999897e+00 1.722600300000000084e+00 1.166357500000000158e+00 2.492812400000000039e+00
3.476156700000000210e+00 5.154274500000000536e+00 3.014171000000000156e+00 5.826080300000000101e+00 4.938844000000000456e+00 6.450368400000000335e+00 5.146226000000000411e+00 9.926197000000000159e+00 6.979420700000000366e+00 7.901382000000000794e+00 1.178084849999999939e+01 6.862153000000000169e+00 1.110031599999999941e+01 9.499777999999999167e+00 5.633763000000000076e+00 1.040294199999999947e+01 1.818200099999999964e+01 1.799266599999999983e+01 3.764115999999999929e+01 3.622511000000000081e+01 4.079887000000000086e+01 1.140022799999999989e+02 1.506331999999999880e+02 1.052638599999999940e+02 5.070732999999999890e+01 3.334619000000000000e+01 2.270422599999999846e+01 1.964764999999999873e+01 1.890916999999999959e+01 1.317668100000000031e+01 6.931206699999999721e+00 4.293008999999999631e+00 4.065427999999999820e+00 3.963401999999999870e+00 7.715232999999999564e+00 4.259037000000000184e+00 3.796722400000000164e+00 5.978461700000000434e+00 2.712464600000000114e+00 2.279209400000000052e+00 2.612332799999999899e+00 5.351823999999999693e+00 4.411746499999999571e+00 1.804401399999999933e+00 2.864905999999999953e+00 3.741235500000000158e+00 1.118367700000000076e+00 1.347416500000000017e+00 2.111509600000000209e+00 2.091160499999999978e+00 3.459250700000001011e+00 2.370416399999999868e+00 0.000000000000000000e+00 8.227088999999999430e+00 2.931623999999999786e+00 0.000000000000000000e+00 5.309384300000000501e+00 2.705554700000000423e+00 1.831907399999999964e+00 5.872901000000000593e+00
3.551614499999999897e+00 4.388466400000000434e+00 6.159200700000000417e+00 6.802912700000001145e+00 5.766917700000000480e+00 5.858123299999999922e+00 4.381613699999999945e+00 9.127501000000000531e+00 1.426184899999999978e+01 8.072900000000000631e+00 1.136787999999999954e+01 1.139305700000000066e+01 1.134127299999999927e+01 1.317241800000000040e+01 1.534948400000000035e+01 1.461454600000000070e+01 1.857668299999999917e+01 2.083433499999999938e+01 2.563882999999999868e+01 3.506348799999999954e+01 2.701773300000000333e+01 5.546521800000000724e+01 1.052638599999999940e+02 1.424095199999999863e+02 1.106014499999999998e+02 5.156547499999999928e+01 2.749282600000000087e+01 2.649787299999999846e+01 1.199149799999999999e+01 1.669376000000000104e+01 9.656814999999999927e+00 5.848264000000000351e+00 4.153677500000000578e+00 4.627927999999999820e+00 3.284462500000000063e+00 2.900992899999999874e+00 5.430794200000000238e+00 5.344708400000000026e+00 5.542690000000000339e+00 7.762282400000001026e+00 4.670819299999999785e+00 3.905712400000000084e+00 3.219652400000000192e+00 2.765354900000000171e+00 2.927095200000000119e+00 2.548298400000000186e+00 2.285288600000000336e+00 2.064998000000000111e+00 2.876459600000000005e+00 5.341384999999999827e+00 0.000000000000000000e+00 2.421871700000000072e+00 3.700670200000000687e+00 4.202837999999999852e+00 3.993682000000000176e+00 8.036084000000000005e-01 7.749480600000000496e-01 0.000000000000000000e+00 9.358365499999999892e-01 1.000064300000000017e+00
4.181061299999999648e+00 4.132981299999999081e+00 7.855017699999999436e+00 8.008582000000000534e+00 9.051970999999999989e+00 6.321652400000000505e+00 6.877546000000000603e+00 1.193905799999999928e+01 8.954375000000000639e+00 9.503645999999999816e+00 1.259537899999999944e+01 1.581955100000000058e+01 1.099516200000000055e+01 9.793858999999999426e+00 1.204656499999999930e+01 1.668330399999999969e+01 1.187945599999999935e+01 1.731301300000000154e+01 1.509137800000000063e+01 2.216767000000000110e+01 2.362734400000000079e+01 3.772612800000000277e+01 5.070732999999999890e+01 1.106014499999999998e+02 1.265483300000000071e+02 1.163499759999999981e+02 5.731360999999999706e+01 3.466005300000000489e+01 1.568525700000000001e+01 1.901842000000000255e+01 1.162090399999999946e+01 1.032711300000000065e+01 4.889826300000000181e+00 5.448127300000000339e+00 4.124333000000000027e+00 2.276753999999999944e+00 4.871074000000000126e+00 7.790023299999999651e+00 2.718754800000000138e+00 5.482787000000000077e+00 3.665747000000000089e+00 7.356664000000000314e+00 4.042950000000000266e+00 2.893736999999999782e+00 3.216135500000000036e+00 2.999929000000000290e+00 1.345153199999999938e+00 2.160865799999999837e+00 1.693124899999999933e+00 5.030423599999999773e+00 3.698423899999999875e+00 1.900730599999999937e+00 5.808711499999999361e+00 1.649233299999999902e+00 3.134316999999999798e+00 4.414808999999999983e+00 1.824581500000000078e+00 1.084731600000000018e+00 1.468924399999999908e+00 4.709216000000000513e+00
5.511490300000000175e+00 5.448111500000000440e+00 9.558011999999999730e+00 2.111388400000000054e+00 6.264480000000000715e+00 4.545396000000000214e+00 7.615445599999999260e+00 1.007239099999999965e+01 5.311660999999999966e+00 6.013315699999999708e+00 7.471473700000000662e+00 1.305603600000000064e+01 1.407975300000000018e+01 1.291030100000000047e+01 1.310085699999999953e+01 8.246997999999999607e+00 1.452066600000000030e+01 1.673619000000000057e+01 1.193610700000000158e+01 3.022914300000000054e+01 2.204153799999999919e+01 2.524790600000000040e+01 3.334619000000000000e+01 5.156547499999999928e+01 1.163499759999999981e+02 1.749023399999999810e+02 1.087934599999999961e+02 4.485829999999999984e+01 2.315752799999999922e+01 2.273027000000000086e+01 1.118932500000000019e+01 1.179814099999999932e+01 2.578315000000000357e+00 8.618089999999998696e+00 3.262026500000000162e+00 2.701102999999999810e+00 2.889480600000000177e+00 4.739463300000000601e+00 4.300647000000000553e+00 4.818287000000000653e+00 3.313509500000000330e+00 5.818548999999999971e+00 7.194733599999999285e+00 4.577441700000000502e+00 7.267751700000000259e-01 3.954517399999999849e+00 2.127822999999999798e+00 3.418153500000000289e+00 3.571013500000000285e+00 3.978673999999999822e+00 7.312914000000000136e+00 3.006660199999999783e+00 4.594238999999999962e+00 2.608830699999999947e+00 3.718501299999999787e+00 4.988243999999999900e+00 2.886204200000000331e+00 4.289691400000000598e+00 2.323609799999999836e+00 0.000000000000000000e+00
5.142419300000000248e+00 2.033313800000000171e+00 3.567187999999999803e+00 5.910004599999999719e+00 7.514981299999999642e+00 9.330239999999999867e+00 7.105485000000000717e+00 5.873689700000000791e+00 8.259952000000000183e+00 7.480853999999999004e+00 1.084401800000000016e+01 1.827262899999999846e+01 1.236415799999999976e+01 1.686408600000000035e+01 1.111233799999999938e+01 1.231159299999999845e+01 1.115742799999999946e+01 1.987423499999999876e+01 1.670522700000000071e+01 1.917931700000000106e+01 2.861293799999999976e+01 2.569876999999999967e+01 2.270422599999999846e+01 2.749282600000000087e+01 5.731360999999999706e+01 1.087934599999999961e+02 1.552478600000000029e+02 1.060311700000000030e+02 5.478869000000000256e+01 1.871308300000000102e+01 1.118576050000000066e+01 1.354841900000000088e+01 8.018869000000000469e+00 1.139140000000000086e+01 9.891662000000000177e+00 4.200376999999999583e+00 1.078395800000000015e+01 7.075344000000000300e+00 1.203797600000000045e+01 4.495635500000000562e+00 7.729058999999998569e+00 1.809638700000000044e+00 2.237648500000000151e+00 1.067729600000000012e+01 1.356214800000000054e+00 4.427648500000000098e+00 3.308892999999999862e+00 7.973150999999999433e-01 5.830797699999999750e+00 4.949661700000000053e+00 2.729284999999999961e+00 2.805322400000000105e+00 5.715454000000000256e+00 6.085332400000000419e+00 4.625994000000000383e+00 0.000000000000000000e+00 1.795288300000000170e+00 3.201949400000000168e+00 5.420029000000000430e+00 0.000000000000000000e+00
6.728576700000000521e+00 5.701030000000000264e+00 9.168248000000000175e+00 6.444099999999999717e+00 7.023532400000000564e+00 7.134611600000000387e+00 6.640815700000000987e+00 6.587489599999999612e+00 6.947805999999999926e+00 5.243727699999999992e+00 1.665013300000000029e+01 2.277023099999999900e+01 1.227781700000000065e+01 1.050749600000000150e+01 5.192817999999999934e+00 8.629849000000000103e+00 9.682935999999999765e+00 1.459428200000000153e+01 6.939010599999999584e+00 1.897948500000000038e+01 8.356802999999999315e+00 1.501135999999999981e+01 1.964764999999999873e+01 2.649787299999999846e+01 3.466005300000000489e+01 4.485829999999999984e+01 1.060311700000000030e+02 1.286524699999999939e+02 1.233264850000000052e+02 4.314033500000000032e+01 2.927192300000000103e+01 1.978501100000000079e+01 1.199114900000000006e+01 1.377775899999999965e+01 1.351161300000000054e+01 7.066241699999999959e+00 9.238837000000000188e+00 4.959484599999999688e+00 6.000395300000000098e+00 1.092426200000000058e+01 2.889444000000000123e+00 5.919534999999999769e+00 9.759472000000000591e+00 8.981139999999999901e+00 2.535047800000000073e+00 3.448415499999999856e+00 7.422011999999999610e+00 5.216218000000000465e+00 6.227985400000000560e+00 2.312986899999999846e+00 1.275400400000000101e+00 2.621865700000000299e+00 5.341686700000000343e+00 4.549901499999999821e+00 1.080868399999999951e+00 3.479876000000000413e+00 2.516826000000000008e+00 1.496277499999999927e+00 1.013116399999999917e+00 3.247943600000000153e+00
1.594993799999999906e+00 3.941630599999999873e+00 4.840559500000000348e+00 5.346457499999999641e+00 5.827193700000000476e+00 7.234763599999999961e+00 4.722571000000000296e+00 1.001994200000000035e+01 8.966791000000000622e+00 1.522691799999999951e+01 1.801834900000000061e+01 1.416878299999999946e+01 8.988089000000000439e+00 1.058580700000000085e+01 1.120160699999999920e+01 8.353219000000001060e+00 8.033613000000000781e+00 8.806105999999999767e+00 1.223376999999999981e+01 8.748141000000000389e+00 1.456006400000000056e+01 9.963544999999999874e+00 1.890916999999999959e+01 1.199149799999999999e+01 1.568525700000000001e+01 2.315752799999999922e+01 5.478869000000000256e+01 1.233264850000000052e+02 1.477954600000000198e+02 1.136641500000000065e+02 4.394600300000000459e+01 2.823375300000000365e+01 2.300627899999999926e+01 1.714642999999999873e+01 1.711021400000000270e+01 1.172525599999999990e+01 1.533031800000000011e+01 1.028680199999999978e+01 8.712077999999999989e+00 6.971923399999999660e+00 1.018842599999999976e+01 5.612849699999999942e+00 8.675478000000000023e+00 4.967571000000000403e+00 1.314528600000000047e+01 7.438695399999999402e+00 9.236698000000000519e+00 9.273695000000000022e+00 7.750732000000001065e+00 5.757026999999999894e+00 2.116315600000000074e+00 4.350551000000000279e+00 0.000000000000000000e+00 1.887451599999999896e+00 4.483804000000000123e+00 2.887138600000000110e+00 4.176254699999999431e+00 1.241412200000000077e+00 1.681098500000000051e+00 4.491186599999999807e+00
6.446448999999999430e+00 4.460623000000000005e+00 5.030736400000000330e+00 6.173900599999999628e+00 5.233695500000000500e+00 3.189880800000000072e+00 6.362367599999999790e+00 8.099472999999999701e+00 6.212720400000000254e+00 1.523903900000000178e+01 1.213738900000000065e+01 1.081684300000000043e+01 1.307770099999999935e+01 7.046843499999999594e+00 5.572095000000000020e+00 2.893800700000000337e+00 7.492907499999999388e+00 8.897857999999999379e+00 8.143872000000000000e+00 2.828572499999999934e+00 8.967172999999998950e+00 6.711570699999999334e+00 1.317668100000000031e+01 1.669376000000000104e+01 1.901842000000000255e+01 2.273027000000000086e+01 1.871308300000000102e+01 4.314033500000000032e+01 1.136641500000000065e+02 1.735921800000000133e+02 1.243308700000000044e+02 4.246016699999999844e+01 2.663864099999999979e+01 1.638007500000000149e+01 1.478463700000000003e+01 1.369035499999999850e+01 1.295531199999999927e+01 9.978222000000000591e+00 1.106644099999999931e+01 9.017042999999999253e+00 1.162682000000000038e+01 3.969931400000000110e+00 7.947720999999999592e+00 1.003865599999999958e+01 8.075606000000000506e+00 1.017577799999999932e+01 6.636754500000000334e+00 8.995504999999999640e+00 5.743090600000000379e+00 3.102405500000000149e+00 4.276731500000000352e+00 4.395880000000000010e+00 8.955995000000001038e-01 3.814234499999999972e+00 2.174650399999999983e+00 3.500663999999999998e+00 3.938450000000000006e+00 2.006954400000000138e+00 3.397228199999999809e+00 2.904307600000000100e+00
5.394718000000000124e+00 3.047246700000000086e+00 5.346003500000000130e+00 4.428544999999999732e+00 4.379824000000000161e+00 6.355845999999999663e+00 6.845598700000000925e+00 4.401333300000000115e+00 7.427316999999998615e+00 1.191196300000000008e+01 1.567108900000000204e+01 1.064951399999999992e+01 6.369575000000000209e+00 9.026263999999999399e+00 2.498043000000000013e+00 6.919086500000000584e+00 9.554968000000000572e+00 4.254960999999999771e+00 7.649724499999999594e+00 6.763125999999999749e+00 6.030151400000000272e+00 9.628432000000000102e+00 6.931206699999999721e+00 9.656814999999999927e+00 1.162090399999999946e+01 1.118932500000000019e+01 1.118576050000000066e+01 2.927192300000000103e+01 4.394600300000000459e+01 1.243308700000000044e+02 1.458438100000000190e+02 1.307100800000000049e+02 4.746936800000000289e+01 2.661198800000000020e+01 1.938554800000000000e+01 1.762583000000000055e+01 1.548809600000000053e+01 1.325442299999999918e+01 1.142586400000000069e+01 4.716201299999999819e+00 5.212455700000000469e+00 8.136102000000001055e+00 1.453172600000000081e+01 1.040106600000000014e+01 1.016252700000000075e+01 1.105923699999999954e+01 1.090959499999999949e+01 1.075414100000000062e+01 8.114214999999999733e+00 4.636163699999999999e+00 2.045135699999999890e+00 6.306338300000000174e+00 3.212072000000000038e+00 3.647938700000000090e+00 4.332996999999999765e+00 2.092524800000000074e+00 3.363159399999999799e+00 0.000000000000000000e+00 2.436834999999999862e+00 8.680261400000000016e-01
6.125804000000000471e+00 4.325257999999999825e+00 3.794054699999999780e+00 3.352464200000000005e+00 9.946745999999999199e+00 6.495465000000000266e+00 2.591102100000000075e+00 7.996474700000000269e+00 7.028216000000000463e+00 9.547947999999999880e+00 1.384041400000000088e+01 1.122895800000000044e+01 5.260197999999999929e+00 6.832995399999999719e+00 3.782100199999999912e+00 7.856753299999999385e+00 2.712461700000000420e+00 6.039486000000000132e+00 5.527713300000000274e+00 6.719699999999999562e+00 6.847350600000000398e+00 1.184437199999999990e+01 4.293008999999999631e+00 5.848264000000000351e+00 1.032711300000000065e+01 1.179814099999999932e+01 1.354841900000000088e+01 1.978501100000000079e+01 2.823375300000000365e+01 4.246016699999999844e+01 1.307100800000000049e+02 1.549082999999999970e+02 1.030285700000000020e+02 4.219174600000000197e+01 2.848696500000000142e+01 2.001446200000000175e+01 1.682237200000000144e+01 1.354558300000000060e+01 1.092571300000000001e+01 1.836114999999999853e+01 1.118003500000000017e+01 1.077848000000000006e+01 1.777036000000000016e+01 5.451049299999999320e+00 1.673262399999999772e+01 1.318586999999999954e+01 1.407733099999999915e+01 1.085469299999999926e+01 1.204887300000000039e+01 3.158670700000000053e+00 5.805724999999999802e+00 3.580483000000000082e+00 2.431578899999999877e+00 5.177878999999999898e+00 3.936159599999999870e+00 1.584067499999999962e+00 1.527572399999999941e+00 3.405587699999999884e+00 9.223573999999999939e-01 9.856599999999999806e-01
8.287233000000000516e-01 4.915160700000000382e+00 1.437169799999999942e+00 3.968429299999999937e+00 4.036906700000000292e+00 6.834585999999999162e-01 2.453742700000000276e+00 2.839712399999999803e+00 4.658945600000000020e+00 6.027861599999999598e+00 1.248257699999999915e+01 9.815713000000000577e+00 2.490672299999999950e+00 3.882458999999999882e+00 4.477004499999999609e+00 3.720125700000000979e+00 3.210836000000000023e+00 2.287728299999999937e+00 3.739055899999999877e+00 8.181611000000000189e+00 5.763874999999999638e+00 2.588418200000000002e+00 4.065427999999999820e+00 4.153677500000000578e+00 4.889826300000000181e+00 2.578315000000000357e+00 8.018869000000000469e+00 1.199114900000000006e+01 2.300627899999999926e+01 2.663864099999999979e+01 4.746936800000000289e+01 1.030285700000000020e+02 1.822108900000000062e+02 1.522612499999999898e+02 6.376338199999999290e+01 4.332218600000000208e+01 2.896470000000000056e+01 2.351709200000000166e+01 2.521963999999999828e+01 1.811228200000000044e+01 1.868357500000000115e+01 2.405957199999999929e+01 1.863135300000000072e+01 1.720692800000000133e+01 1.475279600000000002e+01 1.070302399999999921e+01 1.706376000000000204e+01 1.927362300000000062e+01 8.725400000000000489e+00 6.979521300000000039e+00 4.398362000000000549e+00 4.520899299999999066e+00 2.302675999999999945e+00 3.922711599999999965e+00 2.795622000000000273e+00 3.000185999999999797e+00 3.616481999999999974e+00 1.935030500000000098e+00 8.734613999999999434e-01 9.334082599999999896e-01
4.155046500000000087e+00 1.369088599999999989e+00 6.004725699999999833e-01 3.316146600000000166e+00 1.124456300000000075e+00 3.997839499999999990e+00 4.784327499999999844e+00 7.909848699999999511e-01 3.893164000000000069e+00 5.666708500000000370e+00 1.251701000000000086e+01 4.101162000000000418e+00 3.642249800000000093e+00 2.162871400000000222e+00 2.992902799999999974e+00 2.072437499999999932e+00 1.073231000000000046e+00 1.911699000000000481e+00 4.999159999999999826e+00 5.317523999999999695e+00 3.612358799999999981e+00 4.325930000000000497e+00 3.963401999999999870e+00 4.627927999999999820e+00 5.448127300000000339e+00 8.618089999999998696e+00 1.139140000000000086e+01 1.377775899999999965e+01 1.714642999999999873e+01 1.638007500000000149e+01 2.661198800000000020e+01 4.219174600000000197e+01 1.522612499999999898e+02 1.985217299999999909e+02 1.726565200000000004e+02 5.995857600000000076e+01 3.509555399999999992e+01 2.501117100000000093e+01 2.323581100000000177e+01 1.997846799999999945e+01 1.925553100000000128e+01 2.315115399999999823e+01 2.561344300000000018e+01 1.653546000000000049e+01 2.237287099999999995e+01 2.136571899999999857e+01 1.336783699999999975e+01 1.771621999999999986e+01 8.973813999999999069e+00 8.331873400000000540e-01 4.594265000000000043e+00 9.444521000000000166e-01 1.924189799999999950e+00 3.277943400000000285e+00 2.336111299999999780e+00 1.253525699999999965e+00 3.022048200000000406e+00 2.155964599999999898e+00 2.189677000000000096e+00 2.339957500000000135e+00
2.359084999999999877e+00 3.109275999999999929e+00 1.363706400000000096e+00 1.506230500000000028e+00 3.192127999999999854e+00 6.485224400000000333e-01 1.552210300000000043e+00 3.592740800000000068e+00 3.157710999999999935e+00 6.434703999999999979e+00 6.514480000000000715e+00 6.985474599999999867e+00 1.772518000000000038e+00 4.298000299999999996e+00 4.248154600000000336e+00 2.353310000000000013e+00 1.828025100000000069e+00 2.170786999999999800e+00 1.419171100000000019e+00 3.450397300000000111e+00 1.367311100000000001e+00 0.000000000000000000e+00 7.715232999999999564e+00 3.284462500000000063e+00 4.124333000000000027e+00 3.262026500000000162e+00 9.891662000000000177e+00 1.351161300000000054e+01 1.711021400000000270e+01 1.478463700000000003e+01 1.938554800000000000e+01 2.848696500000000142e+01 6.376338199999999290e+01 1.726565200000000004e+02 1.751125600000000020e+02 1.503000199999999893e+02 4.878431299999999737e+01 3.989647300000000030e+01 3.252092999999999989e+01 2.199864600000000081e+01 1.772852999999999923e+01 1.729524800000000084e+01 1.596810999999999936e+01 2.938926000000000016e+01 1.814643900000000087e+01 2.031184000000000012e+01 1.568553299999999950e+01 1.036343699999999934e+01 9.553138999999999825e+00 4.730536500000000366e+00 1.043382999999999949e+00 3.217354499999999895e+00 0.000000000000000000e+00 7.444391000000000425e+00 2.652718999999999827e+00 2.846826300000000032e+00 6.863239000000000978e-01 0.000000000000000000e+00 2.486438800000000171e+00 1.771390999999999938e+00
2.604569699999999877e+00 2.574618599999999979e+00 3.764031600000000033e+00 1.662967700000000049e+00 1.409719299999999897e+00 2.148021700000000145e+00 8.568660599999999850e-01 4.958248000000000211e+00 3.486299999999999955e+00 6.314928000000000097e+00 9.807779000000000025e+00 5.998516000000000403e+00 1.304643300000000172e+00 2.033677299999999910e+00 1.876085800000000026e+00 3.897290499999999991e+00 2.018247999999999820e+00 4.793355000000000032e+00 3.133697700000000363e+00 2.857082399999999911e+00 2.264388799999999868e+00 1.807791499999999996e+00 4.259037000000000184e+00 2.900992899999999874e+00 2.276753999999999944e+00 2.701102999999999810e+00 4.200376999999999583e+00 7.066241699999999959e+00 1.172525599999999990e+01 1.369035499999999850e+01 1.762583000000000055e+01 2.001446200000000175e+01 4.332218600000000208e+01 5.995857600000000076e+01 1.503000199999999893e+02 1.446657399999999996e+02 1.653753199999999879e+02 6.868511999999999773e+01 4.945409999999999684e+01 3.263674000000000319e+01 1.826846000000000103e+01 2.444156999999999869e+01 2.707424400000000020e+01 3.154616400000000098e+01 2.117958600000000047e+01 1.557324700000000028e+01 1.843503199999999964e+01 1.211489800000000017e+01 7.031486999999999377e+00 2.089116999999999891e+00 8.063696999999999449e+00 3.552149800000000024e+00 2.412336999999999954e+00 2.054762100000000036e+00 3.905012000000000150e+00 2.357298600000000022e+00 7.577421999999999214e-01 6.757276700000000025e-01 4.575292600000000043e+00 1.955720499999999973e+00
4.643691999999999709e+00 9.180584000000000522e-01 0.000000000000000000e+00 2.668417200000000378e+00 3.770086500000000118e+00 7.659423000000000759e-01 1.833249700000000093e+00 1.060808299999999926e+00 3.729438299999999984e+00 5.066503500000000493e+00 3.497261500000000023e+00 3.666776399999999825e+00 3.489076400000000078e+00 2.900677400000000183e+00 0.000000000000000000e+00 2.779394400000000154e+00 2.878670500000000132e+00 3.845736699999999786e+00 5.028368000000000393e+00 2.037558799999999781e+00 4.037182999999999744e+00 7.735475500000000615e+00 3.796722400000000164e+00 5.430794200000000238e+00 4.871074000000000126e+00 2.889480600000000177e+00 1.078395800000000015e+01 9.238837000000000188e+00 1.533031800000000011e+01 1.295531199999999927e+01 1.548809600000000053e+01 1.682237200000000144e+01 2.896470000000000056e+01 3.509555399999999992e+01 4.878431299999999737e+01 1.653753199999999879e+02 1.890813899999999990e+02 1.205953200000000010e+02 6.087478300000000075e+01 3.978442400000000134e+01 3.140762300000000096e+01 2.696321899999999872e+01 2.694179500000000260e+01 1.735520199999999846e+01 1.592090499999999942e+01 1.332747400000000049e+01 1.314714050000000078e+01 1.367979200000000084e+01 6.769683399999999907e+00 6.704442499999999860e+00 3.696886000000000116e+00 7.599760999999999989e+00 5.161152400000000640e+00 6.594189999999999330e+00 4.177351500000000328e+00 1.681132800000000094e+00 5.674115699999999762e+00 2.168560999999999961e+00 2.936627099999999935e+00 2.092114700000000216e+00
1.828033000000000019e+00 0.000000000000000000e+00 7.925425000000000386e-01 1.750745900000000077e+00 1.484129999999999949e+00 1.507602000000000109e+00 3.608379799999999804e+00 3.131978800000000174e+00 6.606577999999999840e+00 7.479287599999999259e+00 7.572014299999999309e+00 5.412978599999998863e+00 6.867538499999999324e+00 2.854697499999999888e+00 3.950226300000000190e+00 6.838341999999999921e+00 4.249558999999999642e+00 5.046368000000000187e+00 3.299106999999999790e+00 1.002630200000000027e+00 4.767824599999999968e+00 0.000000000000000000e+00 5.978461700000000434e+00 5.344708400000000026e+00 7.790023299999999651e+00 4.739463300000000601e+00 7.075344000000000300e+00 4.959484599999999688e+00 1.028680199999999978e+01 9.978222000000000591e+00 1.325442299999999918e+01 1.354558300000000060e+01 2.351709200000000166e+01 2.501117100000000093e+01 3.989647300000000030e+01 6.868511999999999773e+01 1.205953200000000010e+02 1.847064200000000085e+02 1.561934699999999907e+02 6.312548400000000015e+01 4.602120599999999939e+01 2.733992800000000400e+01 3.314341000000000292e+01 1.613120299999999929e+01 1.807907900000000012e+01 1.639526599999999945e+01 1.058624099999999935e+01 1.062864300000000028e+01 5.922109999999999985e+00 2.199389000000000038e+00 6.063807999999999865e+00 6.232744699999999582e+00 6.349175499999999417e+00 8.652884000000000242e+00 2.055566999999999922e+00 1.654484300000000019e+00 2.393216799999999811e+00 7.113953000000000637e-01 2.890076999999999785e+00 1.029475700000000105e+00
8.293896999999998965e-01 1.639704499999999898e+00 1.438325499999999924e+00 1.588648199999999955e+00 3.366794300000000018e+00 1.368016399999999910e+00 2.455715999999999788e+00 5.683991400000000027e+00 3.996592999999999840e+00 5.278620000000000090e+00 3.747784600000000133e+00 3.274535399999999985e+00 3.739012999999999920e+00 6.475967999999999947e+00 5.376725000000000421e+00 2.482078000000000007e+00 3.856101499999999849e+00 1.144784000000000024e+00 3.742062600000001016e+00 3.639195700000000144e+00 5.768510000000000026e+00 1.726999799999999974e+00 2.712464600000000114e+00 5.542690000000000339e+00 2.718754800000000138e+00 4.300647000000000553e+00 1.203797600000000045e+01 6.000395300000000098e+00 8.712077999999999989e+00 1.106644099999999931e+01 1.142586400000000069e+01 1.092571300000000001e+01 2.521963999999999828e+01 2.323581100000000177e+01 3.252092999999999989e+01 4.945409999999999684e+01 6.087478300000000075e+01 1.561934699999999907e+02 1.520867000000000075e+02 1.268879239999999982e+02 6.544509999999999650e+01 4.888750499999999732e+01 3.669117700000000326e+01 2.497010799999999975e+01 1.968621299999999863e+01 1.249690200000000040e+01 1.067342700000000022e+01 9.644560000000000244e+00 1.343448700000000073e+01 7.983010000000000161e+00 7.703322999999999254e+00 6.786802299999999732e+00 3.456791400000000181e+00 1.962933000000000483e+00 2.797870200000000196e+00 2.251948800000000084e+00 1.447756000000000043e+00 4.518701599999999985e+00 6.119146299999999705e+00 7.473271000000000441e+00
2.787653399999999948e+00 1.837064599999999936e+00 4.028617399999999904e+00 2.669794599999999907e+00 4.526438999999999879e+00 1.532675399999999799e+00 9.170979999999999688e-01 1.061355999999999966e+00 1.492545400000000022e+00 6.758825299999999814e+00 4.198879999999999946e+00 8.254505999999999233e+00 3.490877400000000019e+00 5.804349400000000436e+00 3.011942900000000201e+00 2.780829200000000334e+00 1.440078100000000028e+00 2.565147899999999925e+00 2.515481700000000487e+00 5.096526599999999796e+00 1.615706699999999829e+00 4.837167700000000181e+00 2.279209400000000052e+00 7.762282400000001026e+00 5.482787000000000077e+00 4.818287000000000653e+00 4.495635500000000562e+00 1.092426200000000058e+01 6.971923399999999660e+00 9.017042999999999253e+00 4.716201299999999819e+00 1.836114999999999853e+01 1.811228200000000044e+01 1.997846799999999945e+01 2.199864600000000081e+01 3.263674000000000319e+01 3.978442400000000134e+01 6.312548400000000015e+01 1.268879239999999982e+02 1.608445299999999918e+02 1.263936499999999938e+02 7.193903000000000247e+01 3.975966300000000331e+01 3.569299699999999831e+01 2.205571000000000126e+01 1.266763500000000064e+01 1.614345600000000047e+01 1.440721500000000077e+01 4.515451999999999799e+00 1.117983899999999942e+01 8.630519999999998859e+00 3.801842000000000166e+00 2.581908200000000431e+00 4.398395999999999972e+00 1.253852400000000067e+01 2.523000700000000318e+00 4.866038300000000483e+00 5.785814299999999299e+00 3.917523999999999784e+00 4.186389000000000138e+00
4.792634500000000131e+00 2.368761000000000116e+00 1.385229100000000102e+00 4.590008000000000088e+00 1.297002999999999906e+00 1.317515500000000062e+00 3.941770299999999949e+00 4.561804000000000414e+00 5.773585299999999698e+00 3.631255400000000133e+00 3.609433399999999903e+00 7.095722699999999605e+00 3.000821399999999972e+00 7.484285999999999994e+00 2.589120600000000216e+00 3.585676700000000050e+00 3.094793300000000080e+00 1.102523800000000165e+00 5.045491700000000357e+00 4.381066299999999636e+00 6.944454000000001015e-01 3.326493500000000214e+00 2.612332799999999899e+00 4.670819299999999785e+00 3.665747000000000089e+00 3.313509500000000330e+00 7.729058999999998569e+00 2.889444000000000123e+00 1.018842599999999976e+01 1.162682000000000038e+01 5.212455700000000469e+00 1.118003500000000017e+01 1.868357500000000115e+01 1.925553100000000128e+01 1.772852999999999923e+01 1.826846000000000103e+01 3.140762300000000096e+01 4.602120599999999939e+01 6.544509999999999650e+01 1.263936499999999938e+02 1.704788800000000037e+02 1.314102000000000032e+02 6.488051000000000101e+01 3.317010499999999951e+01 2.475266500000000036e+01 1.833992200000000139e+01 1.439117800000000003e+01 1.114623300000000050e+01 9.703910999999999731e+00 1.345454899999999832e+01 4.239400999999999975e+00 3.268132200000000154e+00 5.548637400000000497e+00 3.780940999999999885e+00 4.490975999999999857e+00 1.445878100000000055e+00 4.182934799999999953e+00 3.730193100000000594e+00 1.683787300000000098e+00 4.498369699999999582e+00
4.675502999999999965e+00 3.697389799999999838e+00 2.432473400000000119e+00 2.686696799999999996e+00 1.518365100000000245e+00 3.084757000000000193e+00 2.768711999999999840e+00 0.000000000000000000e+00 6.007977999999999597e+00 7.651816400000000407e+00 6.338194399999999895e+00 6.460816400000000570e+00 2.107786700000000124e+00 4.380822000000000216e+00 7.072359599999998636e+00 2.798434299999999819e+00 5.796780599999999950e+00 3.872081300000000059e+00 2.531406899999999904e+00 3.077275300000000158e+00 2.438903300000000218e+00 1.947116499999999917e+00 5.351823999999999693e+00 3.905712400000000084e+00 7.356664000000000314e+00 5.818548999999999971e+00 1.809638700000000044e+00 5.919534999999999769e+00 5.612849699999999942e+00 3.969931400000000110e+00 8.136102000000001055e+00 1.077848000000000006e+01 2.405957199999999929e+01 2.315115399999999823e+01 1.729524800000000084e+01 2.444156999999999869e+01 2.696321899999999872e+01 2.733992800000000400e+01 4.888750499999999732e+01 7.193903000000000247e+01 1.314102000000000032e+02 1.645328800000000058e+02 1.498731200000000001e+02 8.251654000000000622e+01 2.836071400000000153e+01 2.348284999999999911e+01 2.466933300000000173e+01 1.739811100000000010e+01 9.845416999999999419e+00 9.000493999999999772e+00 7.444422000000000317e+00 2.550607400000000080e+00 2.598254000000000286e+00 3.319681399999999893e+00 1.051492000000000093e+00 2.538973600000000275e+00 3.264562999999999882e+00 1.455610899999999930e+00 1.971162700000000045e+00 4.212892500000000595e+00
2.312535000000000007e+00 2.285941999999999918e+00 2.673594700000000213e+00 1.476509099999999908e+00 6.258279700000000112e-01 1.271451199999999782e+00 3.803954399999999847e+00 8.804619299999999482e-01 3.095402200000000104e+00 4.205155000000000420e+00 9.288632000000001554e+00 3.804241999999999901e+00 2.316723000000000088e+00 4.213191000000000130e+00 4.997194999999999609e+00 1.153436899999999987e+00 2.389272000000000062e+00 1.063976299999999986e+00 3.477918900000000146e+00 1.691156499999999951e+00 4.020992800000000145e+00 2.407642100000000340e+00 4.411746499999999571e+00 3.219652400000000192e+00 4.042950000000000266e+00 7.194733599999999285e+00 2.237648500000000151e+00 9.759472000000000591e+00 8.675478000000000023e+00 7.947720999999999592e+00 1.453172600000000081e+01 1.777036000000000016e+01 1.863135300000000072e+01 2.561344300000000018e+01 1.596810999999999936e+01 2.707424400000000020e+01 2.694179500000000260e+01 3.314341000000000292e+01 3.669117700000000326e+01 3.975966300000000331e+01 6.488051000000000101e+01 1.498731200000000001e+02 1.514988999999999919e+02 1.768573499999999967e+02 5.641454000000000235e+01 3.429124000000000194e+01 1.686402299999999954e+01 1.852513099999999824e+01 1.061325099999999999e+01 1.205669999999999931e+01 4.091179000000000343e+00 6.307737400000000605e+00 4.283712999999999660e+00 1.824373999999999940e+00 6.067541000000000295e+00 1.395325899999999786e+00 5.382248999999999839e+00 4.799699300000000335e+00 1.624917100000000003e+00 1.736437400000000020e+00
2.206925599999999932e+00 1.090773599999999899e+00 9.568111299999999542e-01 0.000000000000000000e+00 8.958712999999999260e-01 9.100397000000000070e-01 2.178140600000000315e+00 2.520758400000000066e+00 4.431060999999999694e+00 4.013112999999999708e+00 4.155205000000000481e+00 3.267457999999999974e+00 2.487287799999999827e+00 2.584788600000000436e+00 2.384490700000000185e+00 0.000000000000000000e+00 8.550593000000000776e-01 1.523079499999999920e+00 2.987179799999999830e+00 3.631330000000000169e+00 9.593403299999999634e-01 1.148844699999999941e+00 1.804401399999999933e+00 2.765354900000000171e+00 2.893736999999999782e+00 4.577441700000000502e+00 1.067729600000000012e+01 8.981139999999999901e+00 4.967571000000000403e+00 1.003865599999999958e+01 1.040106600000000014e+01 5.451049299999999320e+00 1.720692800000000133e+01 1.653546000000000049e+01 2.938926000000000016e+01 3.154616400000000098e+01 1.735520199999999846e+01 1.613120299999999929e+01 2.497010799999999975e+01 3.569299699999999831e+01 3.317010499999999951e+01 8.251654000000000622e+01 1.768573499999999967e+02 2.119303700000000106e+02 1.425984500000000139e+02 7.125651999999999475e+01 3.479117000000000104e+01 2.822956299999999885e+01 1.251175399999999982e+01 9.293381999999999366e+00 7.320641000000000176e+00 3.009837200000000212e+00 6.132124400000000364e+00 0.000000000000000000e+00 3.722430500000000198e+00 2.996108800000000016e+00 9.630846400000000473e-01 1.717689599999999928e+00 2.326065000000000271e+00 1.242852999999999986e+00
4.204807999999999879e+00 6.927425000000000388e-01 3.038319599999999898e+00 2.013516999999999779e+00 1.137922899999999959e+00 2.889798600000000217e+00 6.916607599999999856e-01 1.600915699999999831e+00 5.628270499999999954e-01 3.185874200000000211e+00 5.805670000000000108e+00 5.533704300000000131e+00 3.159317300000000106e+00 2.735967899999999897e+00 3.028746100000000219e+00 2.097257400000000160e+00 4.344336499999999823e+00 5.803781500000000371e+00 6.323788000000000187e-01 2.306231700000000107e+00 1.218540399999999968e+00 3.648115199999999891e+00 2.864905999999999953e+00 2.927095200000000119e+00 3.216135500000000036e+00 7.267751700000000259e-01 1.356214800000000054e+00 2.535047800000000073e+00 1.314528600000000047e+01 8.075606000000000506e+00 1.016252700000000075e+01 1.673262399999999772e+01 1.475279600000000002e+01 2.237287099999999995e+01 1.814643900000000087e+01 2.117958600000000047e+01 1.592090499999999942e+01 1.807907900000000012e+01 1.968621299999999863e+01 2.205571000000000126e+01 2.475266500000000036e+01 2.836071400000000153e+01 5.641454000000000235e+01 1.425984500000000139e+02 2.250219600000000071e+02 2.101820500000000038e+02 8.522597500000000537e+01 3.857321000000000311e+01 1.248676900000000067e+01 9.274822999999999595e+00 9.298573499999999825e+00 7.646104300000000187e+00 2.920851499999999934e+00 3.317200700000000335e+00 3.152118700000000384e+00 1.268538100000000224e+00 3.669888999999999957e+00 1.636338599999999976e+00 4.431801999999999353e+00 7.893270999999999482e-01
2.287913600000000436e+00 1.507735800000000070e+00 0.000000000000000000e+00 1.460788699999999940e+00 2.476659300000000119e+00 1.886871200000000082e+00 3.763453699999999902e+00 1.742175299999999982e+00 7.349869299999999939e+00 6.240574400000000743e+00 7.466660499999999701e+00 5.269232999999999834e+00 3.438085300000000011e+00 1.190952300000000186e+00 3.295993000000000173e+00 2.282312600000000025e+00 1.772875200000000095e+00 2.105296399999999846e+00 2.064533700000000138e+00 3.346301799999999549e+00 1.989090800000000048e+00 1.588005300000000064e+00 3.741235500000000158e+00 2.548298400000000186e+00 2.999929000000000290e+00 3.954517399999999849e+00 4.427648500000000098e+00 3.448415499999999856e+00 7.438695399999999402e+00 1.017577799999999932e+01 1.105923699999999954e+01 1.318586999999999954e+01 1.070302399999999921e+01 2.136571899999999857e+01 2.031184000000000012e+01 1.557324700000000028e+01 1.332747400000000049e+01 1.639526599999999945e+01 1.249690200000000040e+01 1.266763500000000064e+01 1.833992200000000139e+01 2.348284999999999911e+01 3.429124000000000194e+01 7.125651999999999475e+01 2.101820500000000038e+02 1.641587499999999977e+02 1.594839300000000151e+02 7.508523999999999887e+01 1.791219299999999848e+01 8.258075999999999084e+00 1.113095599999999941e+01 6.240579000000000320e+00 5.297630000000000727e+00 7.219800000000000217e+00 5.145376999999999867e+00 4.141409999999999592e+00 3.993708400000000047e+00 2.374298599999999926e+00 8.038083299999999598e-01 3.435899299999999545e+00
1.367852099999999904e+00 2.028183999999999987e+00 5.930313499999999571e-01 0.000000000000000000e+00 3.331565100000000168e+00 0.000000000000000000e+00 2.700022500000000214e+00 7.811828000000000660e-01 4.394193000000000460e+00 3.109158499999999936e+00 6.696027299999999904e+00 6.075509499999999896e+00 3.597114299999999432e+00 5.340171500000000515e-01 7.389535000000000409e-01 1.023377699999999946e+00 1.059931299999999910e+00 0.000000000000000000e+00 2.468604600000000371e+00 3.751162799999999908e+00 1.783796899999999797e+00 2.136160999999999976e+00 1.118367700000000076e+00 2.285288600000000336e+00 1.345153199999999938e+00 2.127822999999999798e+00 3.308892999999999862e+00 7.422011999999999610e+00 9.236698000000000519e+00 6.636754500000000334e+00 1.090959499999999949e+01 1.407733099999999915e+01 1.706376000000000204e+01 1.336783699999999975e+01 1.568553299999999950e+01 1.843503199999999964e+01 1.314714050000000078e+01 1.058624099999999935e+01 1.067342700000000022e+01 1.614345600000000047e+01 1.439117800000000003e+01 2.466933300000000173e+01 1.686402299999999954e+01 3.479117000000000104e+01 8.522597500000000537e+01 1.594839300000000151e+02 2.081543599999999969e+02 1.595909100000000080e+02 4.098956700000000097e+01 1.563438400000000073e+01 1.179706299999999963e+01 1.026023099999999921e+01 4.750862000000000585e+00 6.474644999999999762e+00 5.383377600000000207e+00 3.713975399999999816e+00 4.775357200000000191e+00 5.323118700000000203e+00 2.883389499999999828e+00 1.540640199999999904e+00
2.471995600000000071e+00 2.443569000000000102e+00 2.143463999999999814e+00 2.367482400000000098e+00 6.689819000000000182e-01 2.038686000000000220e+00 1.626502200000000009e+00 0.000000000000000000e+00 3.308845300000000211e+00 5.244308000000000192e+00 1.054969900000000038e+01 1.626625200000000104e+00 1.238236200000000009e+00 0.000000000000000000e+00 2.670888000000000151e+00 0.000000000000000000e+00 1.277012000000000036e+00 1.137342700000000040e+00 2.974190700000000298e+00 1.807770099999999935e+00 3.581883400000000162e+00 0.000000000000000000e+00 1.347416500000000017e+00 2.064998000000000111e+00 2.160865799999999837e+00 3.418153500000000289e+00 7.973150999999999433e-01 5.216218000000000465e+00 9.273695000000000022e+00 8.995504999999999640e+00 1.075414100000000062e+01 1.085469299999999926e+01 1.927362300000000062e+01 1.771621999999999986e+01 1.036343699999999934e+01 1.211489800000000017e+01 1.367979200000000084e+01 1.062864300000000028e+01 9.644560000000000244e+00 1.440721500000000077e+01 1.114623300000000050e+01 1.739811100000000010e+01 1.852513099999999824e+01 2.822956299999999885e+01 3.857321000000000311e+01 7.508523999999999887e+01 1.595909100000000080e+02 1.865270500000000027e+02 7.741353000000000861e+01 2.875030500000000089e+01 1.967978499999999897e+01 8.990249000000000379e+00 9.158191000000000415e+00 1.365121500000000054e+01 3.706244499999999942e+00 7.457702600000000182e+00 1.438345300000000160e+00 7.695992999999999640e+00 2.605444700000000058e+00 3.712346600000000052e+00
8.608478000000000518e-01 0.000000000000000000e+00 2.985759999999999970e+00 5.771164999999999878e+00 2.096696399999999905e+00 4.259712000000000387e+00 5.097718200000000088e+00 9.832634300000000493e-01 2.074090200000000106e+00 3.913452599999999837e+00 7.131547500000000817e+00 7.647155299999999656e+00 4.527635599999999982e+00 2.688638399999999873e+00 3.720440099999999806e+00 3.864332000000000100e+00 3.335300199999999826e+00 3.564614000000000171e+00 3.107196800000000092e+00 5.665841000000000349e+00 5.238891599999999649e+00 2.688755000000000006e+00 2.111509600000000209e+00 2.876459600000000005e+00 1.693124899999999933e+00 3.571013500000000285e+00 5.830797699999999750e+00 6.227985400000000560e+00 7.750732000000001065e+00 5.743090600000000379e+00 8.114214999999999733e+00 1.204887300000000039e+01 8.725400000000000489e+00 8.973813999999999069e+00 9.553138999999999825e+00 7.031486999999999377e+00 6.769683399999999907e+00 5.922109999999999985e+00 1.343448700000000073e+01 4.515451999999999799e+00 9.703910999999999731e+00 9.845416999999999419e+00 1.061325099999999999e+01 1.251175399999999982e+01 1.248676900000000067e+01 1.791219299999999848e+01 4.098956700000000097e+01 7.741353000000000861e+01 1.743005799999999965e+02 1.222155300000000011e+02 5.596852499999999964e+01 1.878458600000000089e+01 1.435161899999999946e+01 1.324300499999999836e+01 1.161596399999999996e+01 1.090769599999999961e+01 6.762007000000000545e+00 8.710172000000000025e+00 9.073200999999999183e+00 1.551345199999999913e+01
5.115309700000000070e+00 1.264121699999999793e+00 3.326608699999999974e+00 1.224760000000000071e+00 4.152980300000000291e+00 3.163995499999999961e+00 3.786442999999999781e+00 5.842725299999999677e+00 5.135254399999999997e+00 3.488164199999999937e+00 2.889335200000000103e+00 1.262243000000000004e+00 3.843430300000000077e+00 6.989660000000000650e+00 1.381719600000000492e+00 5.740636000000000294e+00 3.963788699999999832e+00 0.000000000000000000e+00 4.615878000000000370e+00 2.805619000000000085e+00 5.559003400000000816e+00 3.994264600000000165e+00 2.091160499999999978e+00 5.341384999999999827e+00 5.030423599999999773e+00 3.978673999999999822e+00 4.949661700000000053e+00 2.312986899999999846e+00 5.757026999999999894e+00 3.102405500000000149e+00 4.636163699999999999e+00 3.158670700000000053e+00 6.979521300000000039e+00 8.331873400000000540e-01 4.730536500000000366e+00 2.089116999999999891e+00 6.704442499999999860e+00 2.199389000000000038e+00 7.983010000000000161e+00 1.117983899999999942e+01 1.345454899999999832e+01 9.000493999999999772e+00 1.205669999999999931e+01 9.293381999999999366e+00 9.274822999999999595e+00 8.258075999999999084e+00 1.563438400000000073e+01 2.875030500000000089e+01 1.222155300000000011e+02 1.646317999999999984e+02 1.035054399999999930e+02 5.929883600000000143e+01 3.197994600000000176e+01 3.026625999999999905e+01 2.588403999999999883e+01 9.259351000000000553e+00 1.450982100000000052e+01 9.953341999999999246e+00 1.752223400000000098e+01 7.201849499999999793e+00
0.000000000000000000e+00 1.394094600000000073e+00 4.891519999999999868e+00 2.701372099999999943e+00 2.289988300000000088e+00 3.489307399999999948e+00 4.175753000000000270e+00 3.221727800000000030e+00 2.265298000000000034e+00 7.693611999999999895e+00 5.310679000000000372e+00 1.392022799999999894e+00 2.119299700000000453e+00 3.303563399999999817e+00 0.000000000000000000e+00 1.055145000000000088e+01 3.278499599999999958e+00 1.946615699999999949e+00 0.000000000000000000e+00 1.547041899999999970e+00 2.452224999999999877e+00 4.404942000000000135e+00 3.459250700000001011e+00 0.000000000000000000e+00 3.698423899999999875e+00 7.312914000000000136e+00 2.729284999999999961e+00 1.275400400000000101e+00 2.116315600000000074e+00 4.276731500000000352e+00 2.045135699999999890e+00 5.805724999999999802e+00 4.398362000000000549e+00 4.594265000000000043e+00 1.043382999999999949e+00 8.063696999999999449e+00 3.696886000000000116e+00 6.063807999999999865e+00 7.703322999999999254e+00 8.630519999999998859e+00 4.239400999999999975e+00 7.444422000000000317e+00 4.091179000000000343e+00 7.320641000000000176e+00 9.298573499999999825e+00 1.113095599999999941e+01 1.179706299999999963e+01 1.967978499999999897e+01 5.596852499999999964e+01 1.035054399999999930e+02 1.571867799999999988e+02 1.096340560000000011e+02 3.918669000000000580e+01 3.170923399999999859e+01 1.110097200000000051e+01 1.659347299999999947e+01 8.616286000000000556e+00 1.426972699999999961e+01 1.337802499999999917e+01 1.429617699999999836e+01
5.798413799999999618e+00 4.298801400000000328e+00 0.000000000000000000e+00 2.776631800000000094e+00 4.707573400000000241e+00 5.977531400000000161e+00 4.292088500000000195e+00 3.311484600000000000e+00 2.328408700000000220e+00 9.225946999999999676e+00 2.183453300000000041e+00 1.430804399999999976e+00 6.535028999999999755e+00 3.395599799999999835e+00 0.000000000000000000e+00 4.338164299999999862e+00 3.369838000000000111e+00 2.000847999999999960e+00 3.924215600000000137e+00 7.950711300000000037e+00 0.000000000000000000e+00 6.036883999999999695e+00 2.370416399999999868e+00 2.421871700000000072e+00 1.900730599999999937e+00 3.006660199999999783e+00 2.805322400000000105e+00 2.621865700000000299e+00 4.350551000000000279e+00 4.395880000000000010e+00 6.306338300000000174e+00 3.580483000000000082e+00 4.520899299999999066e+00 9.444521000000000166e-01 3.217354499999999895e+00 3.552149800000000024e+00 7.599760999999999989e+00 6.232744699999999582e+00 6.786802299999999732e+00 3.801842000000000166e+00 3.268132200000000154e+00 2.550607400000000080e+00 6.307737400000000605e+00 3.009837200000000212e+00 7.646104300000000187e+00 6.240579000000000320e+00 1.026023099999999921e+01 8.990249000000000379e+00 1.878458600000000089e+01 5.929883600000000143e+01 1.096340560000000011e+02 2.115379499999999950e+02 7.451509000000000071e+01 6.003908500000000004e+01 3.749080000000000013e+01 2.099170900000000017e+01 1.518228700000000053e+01 1.692378400000000127e+01 6.111437300000000405e+00 1.306174799999999969e+01
1.476682700000000015e+00 2.919403299999999923e+00 0.000000000000000000e+00 2.828500500000000084e+00 2.397756600000000127e+00 0.000000000000000000e+00 4.372266999999999904e+00 1.686672299999999902e+00 1.185952300000000070e+00 0.000000000000000000e+00 2.224241300000000088e+00 4.372597700000000032e+00 1.109517800000000110e+00 2.306020999999999876e+00 3.190987799999999819e+00 0.000000000000000000e+00 0.000000000000000000e+00 2.038225000000000176e+00 5.330028999999999684e+00 4.859540499999999597e+00 2.567628599999999928e+00 3.074828000000000117e+00 0.000000000000000000e+00 3.700670200000000687e+00 5.808711499999999361e+00 4.594238999999999962e+00 5.715454000000000256e+00 5.341686700000000343e+00 0.000000000000000000e+00 8.955995000000001038e-01 3.212072000000000038e+00 2.431578899999999877e+00 2.302675999999999945e+00 1.924189799999999950e+00 0.000000000000000000e+00 2.412336999999999954e+00 5.161152400000000640e+00 6.349175499999999417e+00 3.456791400000000181e+00 2.581908200000000431e+00 5.548637400000000497e+00 2.598254000000000286e+00 4.283712999999999660e+00 6.132124400000000364e+00 2.920851499999999934e+00 5.297630000000000727e+00 4.750862000000000585e+00 9.158191000000000415e+00 1.435161899999999946e+01 3.197994600000000176e+01 3.918669000000000580e+01 7.451509000000000071e+01 2.400304399999999987e+02 1.660074600000000089e+02 5.147502000000000066e+01 3.875822000000000145e+01 2.964297499999999985e+01 2.183724199999999982e+01 1.245120299999999958e+01 6.652873500000000107e+00
0.000000000000000000e+00 1.243333599999999928e+00 0.000000000000000000e+00 1.204619300000000059e+00 0.000000000000000000e+00 5.186608000000000551e+00 1.241392000000000051e+00 0.000000000000000000e+00 2.020322800000000196e+00 2.287201599999999946e+00 3.789094400000000196e+00 2.482971699999999782e+00 9.450565600000000455e-01 3.928409799999999841e+00 2.717995200000000278e+00 0.000000000000000000e+00 2.923954000000000164e+00 0.000000000000000000e+00 2.269985700000000328e+00 5.518963300000000238e+00 3.280552600000000041e+00 2.619053399999999865e+00 8.227088999999999430e+00 4.202837999999999852e+00 1.649233299999999902e+00 2.608830699999999947e+00 6.085332400000000419e+00 4.549901499999999821e+00 1.887451599999999896e+00 3.814234499999999972e+00 3.647938700000000090e+00 5.177878999999999898e+00 3.922711599999999965e+00 3.277943400000000285e+00 7.444391000000000425e+00 2.054762100000000036e+00 6.594189999999999330e+00 8.652884000000000242e+00 1.962933000000000483e+00 4.398395999999999972e+00 3.780940999999999885e+00 3.319681399999999893e+00 1.824373999999999940e+00 0.000000000000000000e+00 3.317200700000000335e+00 7.219800000000000217e+00 6.474644999999999762e+00 1.365121500000000054e+01 1.324300499999999836e+01 3.026625999999999905e+01 3.170923399999999859e+01 6.003908500000000004e+01 1.660074600000000089e+02 1.577732699999999966e+02 8.627563999999999567e+01 4.439703400000000499e+01 3.293356299999999948e+01 2.643208900000000128e+01 7.954193599999999975e+00 1.275015100000000068e+01
1.195202700000000062e+00 1.181458499999999967e+00 3.109075999999999951e+00 2.289341700000000035e+00 2.911057200000000122e+00 2.957096299999999900e+00 1.179613600000000151e+00 2.730329499999999854e+00 9.598902499999999449e-01 3.260066999999999826e+00 2.700396299999999972e+00 3.539108300000000096e+00 2.694075999999999915e+00 1.866455299999999928e+00 2.582733000000000168e+00 1.251890700000000045e+01 2.778442100000000359e+00 1.649705500000000047e+00 3.235528200000000076e+00 1.311077399999999837e+00 2.078196300000000107e+00 4.977430000000000021e+00 2.931623999999999786e+00 3.993682000000000176e+00 3.134316999999999798e+00 3.718501299999999787e+00 4.625994000000000383e+00 1.080868399999999951e+00 4.483804000000000123e+00 2.174650399999999983e+00 4.332996999999999765e+00 3.936159599999999870e+00 2.795622000000000273e+00 2.336111299999999780e+00 2.652718999999999827e+00 3.905012000000000150e+00 4.177351500000000328e+00 2.055566999999999922e+00 2.797870200000000196e+00 1.253852400000000067e+01 4.490975999999999857e+00 1.051492000000000093e+00 6.067541000000000295e+00 3.722430500000000198e+00 3.152118700000000384e+00 5.145376999999999867e+00 5.383377600000000207e+00 3.706244499999999942e+00 1.161596399999999996e+01 2.588403999999999883e+01 1.110097200000000051e+01 3.749080000000000013e+01 5.147502000000000066e+01 8.627563999999999567e+01 1.115494099999999946e+02 9.302906000000000120e+01 5.007137700000000535e+01 2.976792100000000119e+01 2.645422399999999996e+01 2.557744999999999891e+01
5.771965999999999930e+00 8.558388000000000773e+00 2.502432000000000212e+00 3.685289399999999826e+00 3.124067800000000172e+00 3.173475700000000010e+00 5.696682499999999649e+00 2.197586799999999840e+00 2.317788600000000088e+00 8.746539000000000952e-01 4.346988699999999817e+00 2.848556499999999936e+00 1.445604799999999912e+00 3.004544000000000104e+00 0.000000000000000000e+00 2.878918200000000205e+00 2.981749000000000205e+00 5.311258300000000432e+00 4.340351599999999976e+00 4.221038300000000021e+00 8.363490000000000091e-01 4.006232299999999746e+00 0.000000000000000000e+00 8.036084000000000005e-01 4.414808999999999983e+00 4.988243999999999900e+00 0.000000000000000000e+00 3.479876000000000413e+00 2.887138600000000110e+00 3.500663999999999998e+00 2.092524800000000074e+00 1.584067499999999962e+00 3.000185999999999797e+00 1.253525699999999965e+00 2.846826300000000032e+00 2.357298600000000022e+00 1.681132800000000094e+00 1.654484300000000019e+00 2.251948800000000084e+00 2.523000700000000318e+00 1.445878100000000055e+00 2.538973600000000275e+00 1.395325899999999786e+00 2.996108800000000016e+00 1.268538100000000224e+00 4.141409999999999592e+00 3.713975399999999816e+00 7.457702600000000182e+00 1.090769599999999961e+01 9.259351000000000553e+00 1.659347299999999947e+01 2.099170900000000017e+01 3.875822000000000145e+01 4.439703400000000499e+01 9.302906000000000120e+01 1.584610600000000034e+02 1.158666300000000007e+02 3.818560800000000199e+01 3.852922999999999831e+01 2.817136999999999958e+01
3.710741000000000955e+00 1.834034799999999965e+00 1.608789299999999978e+00 8.884638000000001368e-01 3.765811699999999984e+00 3.825368999999999797e+00 0.000000000000000000e+00 3.178816299999999817e+00 2.980167400000000022e+00 0.000000000000000000e+00 6.986591999999999247e-01 9.156546599999999536e-01 1.394047999999999954e+00 1.448694099999999985e+00 2.004650400000000054e+00 2.776243000000000016e+00 2.156554700000000047e+00 2.560917400000000121e+00 8.371110000000000495e-01 3.052872700000000439e+00 3.226083800000000057e+00 3.863351999999999897e+00 5.309384300000000501e+00 7.749480600000000496e-01 1.824581500000000078e+00 2.886204200000000331e+00 1.795288300000000170e+00 2.516826000000000008e+00 4.176254699999999431e+00 3.938450000000000006e+00 3.363159399999999799e+00 1.527572399999999941e+00 3.616481999999999974e+00 3.022048200000000406e+00 6.863239000000000978e-01 7.577421999999999214e-01 5.674115699999999762e+00 2.393216799999999811e+00 1.447756000000000043e+00 4.866038300000000483e+00 4.182934799999999953e+00 3.264562999999999882e+00 5.382248999999999839e+00 9.630846400000000473e-01 3.669888999999999957e+00 3.993708400000000047e+00 4.775357200000000191e+00 1.438345300000000160e+00 6.762007000000000545e+00 1.450982100000000052e+01 8.616286000000000556e+00 1.518228700000000053e+01 2.964297499999999985e+01 3.293356299999999948e+01 5.007137700000000535e+01 1.158666300000000007e+02 1.408823700000000088e+02 1.335763000000000034e+02 4.693275500000000022e+01 4.388459000000000287e+01
2.481830599999999887e+00 2.453291000000000111e+00 2.151991999999999905e+00 7.923005999999999105e-01 6.716435000000000599e-01 2.729063000000000017e+00 2.449460300000000146e+00 9.449187000000000003e-01 6.644020000000000481e-01 2.256502600000000136e+00 0.000000000000000000e+00 1.633096799999999904e+00 3.107906600000000186e+00 3.875682600000000200e+00 2.681514299999999462e+00 7.427265600000000134e+00 1.923139200000000049e+00 0.000000000000000000e+00 2.239517999999999898e+00 1.814962500000000034e+00 2.157680500000000112e+00 1.722600300000000084e+00 2.705554700000000423e+00 0.000000000000000000e+00 1.084731600000000018e+00 4.289691400000000598e+00 3.201949400000000168e+00 1.496277499999999927e+00 1.241412200000000077e+00 2.006954400000000138e+00 0.000000000000000000e+00 3.405587699999999884e+00 1.935030500000000098e+00 2.155964599999999898e+00 0.000000000000000000e+00 6.757276700000000025e-01 2.168560999999999961e+00 7.113953000000000637e-01 4.518701599999999985e+00 5.785814299999999299e+00 3.730193100000000594e+00 1.455610899999999930e+00 4.799699300000000335e+00 1.717689599999999928e+00 1.636338599999999976e+00 2.374298599999999926e+00 5.323118700000000203e+00 7.695992999999999640e+00 8.710172000000000025e+00 9.953341999999999246e+00 1.426972699999999961e+01 1.692378400000000127e+01 2.183724199999999982e+01 2.643208900000000128e+01 2.976792100000000119e+01 3.818560800000000199e+01 1.335763000000000034e+02 1.583955499999999859e+02 1.037604900000000043e+02 4.752073699999999690e+01
0.000000000000000000e+00 3.322203599999999923e+00 3.885586500000000054e+00 2.145839000000000052e+00 1.819055700000000053e+00 1.847824600000000039e+00 2.211343999999999976e+00 2.559184600000000032e+00 2.699164399999999908e+00 1.018572100000000091e+00 1.687418500000000154e+00 2.211511100000000063e+00 3.366938000000000208e+00 3.498921000000000170e+00 3.631259399999999804e+00 0.000000000000000000e+00 2.604281199999999963e+00 7.731486000000000303e+00 1.010905299999999896e+00 2.457790399999999931e+00 2.921893100000000132e+00 1.166357500000000158e+00 1.831907399999999964e+00 9.358365499999999892e-01 1.468924399999999908e+00 2.323609799999999836e+00 5.420029000000000430e+00 1.013116399999999917e+00 1.681098500000000051e+00 3.397228199999999809e+00 2.436834999999999862e+00 9.223573999999999939e-01 8.734613999999999434e-01 2.189677000000000096e+00 2.486438800000000171e+00 4.575292600000000043e+00 2.936627099999999935e+00 2.890076999999999785e+00 6.119146299999999705e+00 3.917523999999999784e+00 1.683787300000000098e+00 1.971162700000000045e+00 1.624917100000000003e+00 2.326065000000000271e+00 4.431801999999999353e+00 8.038083299999999598e-01 2.883389499999999828e+00 2.605444700000000058e+00 9.073200999999999183e+00 1.752223400000000098e+01 1.337802499999999917e+01 6.111437300000000405e+00 1.245120299999999958e+01 7.954193599999999975e+00 2.645422399999999996e+01 3.852922999999999831e+01 4.693275500000000022e+01 1.037604900000000043e+02 1.428721600000000080e+02 7.570794000000000779e+01
1.197170499999999915e+00 1.183403699999999947e+00 5.190324999999999633e+00 3.439666499999999960e+00 0.000000000000000000e+00 9.873216000000000214e-01 4.726223000000000063e+00 2.734824999999999839e+00 4.807352999999999987e+00 2.176956199999999786e+00 1.803228300000000006e+00 1.181645000000000056e+00 8.995039000000000229e-01 9.347641500000000159e-01 2.586984999999999868e+00 1.791359700000000110e+00 9.276721999999999468e-01 3.304843400000000209e+00 2.160570100000000160e+00 2.626471800000000023e+00 4.163235700000000428e+00 2.492812400000000039e+00 5.872901000000000593e+00 1.000064300000000017e+00 4.709216000000000513e+00 0.000000000000000000e+00 0.000000000000000000e+00 3.247943600000000153e+00 4.491186599999999807e+00 2.904307600000000100e+00 8.680261400000000016e-01 9.856599999999999806e-01 9.334082599999999896e-01 2.339957500000000135e+00 1.771390999999999938e+00 1.955720499999999973e+00 2.092114700000000216e+00 1.029475700000000105e+00 7.473271000000000441e+00 4.186389000000000138e+00 4.498369699999999582e+00 4.212892500000000595e+00 1.736437400000000020e+00 1.242852999999999986e+00 7.893270999999999482e-01 3.435899299999999545e+00 1.540640199999999904e+00 3.712346600000000052e+00 1.551345199999999913e+01 7.201849499999999793e+00 1.429617699999999836e+01 1.306174799999999969e+01 6.652873500000000107e+00 1.275015100000000068e+01 2.557744999999999891e+01 2.817136999999999958e+01 4.388459000000000287e+01 4.752073699999999690e+01 7.570794000000000779e+01 1.442785800000000052e+02
