1.777695200000000000e+02 7.716733599999999171e+01 3.466469000000000023e+01 2.654728499999999869e+01 2.543473399999999884e+01 1.610489000000000104e+01 1.278912000000000049e+01 9.142276999999999987e+00 1.190844200000000086e+01 9.080469000000000790e+00 4.301304299999999969e+00 1.057919700000000063e+01 9.132097999999999161e+00 5.250705700000000142e+00 8.192752000000000479e+00 1.340526799999999952e+01 8.559642000000000195e+00 3.126263100000000072e+00 9.629194999999999283e+00 1.153743100000000021e+00 5.729432000000000080e+00 3.204058600000000201e+00 5.153803299999999865e+00 1.714173200000000064e+00 8.220862999999999587e+00 3.047103200000000456e+00 5.897992999999999597e+00 4.483809499999999559e+00 6.854341000000000683e+00 4.442651299999999637e+00 4.355370999999999881e+00 4.946883000000000585e+00 8.649706000000000339e-01 6.048071000000000197e+00 1.550746899999999817e+00 4.415652300000000530e+00 9.048454999999999693e-01 2.813029999999999919e+00 3.235992200000000096e+00 9.291701999999999462e-01 3.071534999999999904e+00 2.768826499999999857e+00 8.126600400000000279e-01 3.563469200000000114e+00 0.000000000000000000e+00 0.000000000000000000e+00 1.586693300000000084e+00 2.546384300000000156e+00 2.745149599999999968e+00 2.726791600000000315e+00 1.303806399999999810e+00 2.859039500000000178e+00 0.000000000000000000e+00 1.365233399999999930e+00 2.614505499999999927e+00 0.000000000000000000e+00 1.024124899999999894e+00 1.744492799999999955e+00 2.223372700000000091e+00 3.938485899999999873e+00
7.716733599999999171e+01 1.678593600000000094e+02 7.866604599999999436e+01 4.728522499999999695e+01 2.774145499999999842e+01 3.314774299999999840e+01 1.546251400000000054e+01 1.488818200000000047e+01 1.131251050000000014e+01 1.245986100000000008e+01 8.989321999999999591e+00 5.583214299999999852e+00 1.025239499999999992e+01 1.246986599999999967e+01 7.782764399999999583e+00 6.367215999999999987e+00 7.318165299999998652e+00 1.039435800000000043e+01 1.097678849999999962e+01 3.288020099999999779e+00 6.349835400000000796e+00 8.116583999999999577e+00 5.711875400000000269e+00 9.770348999999999506e+00 6.507890699999999917e+00 3.859490399999999877e+00 5.602841999999999878e+00 5.963198700000000407e+00 5.787849999999999717e+00 3.014520599999999995e+00 1.379138799999999998e+00 9.398654999999999760e+00 3.286740500000000065e+00 2.553515200000000096e+00 1.473143300000000044e+00 0.000000000000000000e+00 8.595645400000000436e-01 1.781505600000000022e+00 2.305540800000000168e+00 8.826719999999999011e-01 7.294568000000000163e-01 1.753511200000000159e+00 1.543984699999999988e+00 1.128381099999999915e+00 1.365040999999999949e+00 8.139973999999999821e-01 7.536454000000000208e-01 0.000000000000000000e+00 1.738516600000000079e+00 1.295167799999999980e+00 3.715681000000000012e+00 6.789913700000000496e+00 2.936040000000000205e+00 2.593826799999999544e+00 0.000000000000000000e+00 3.757449600000000167e+00 5.837249299999999863e+00 7.457371000000001082e+00 3.168163499999999910e+00 3.741393299999999922e+00
3.466469000000000023e+01 7.866604599999999436e+01 2.008303999999999974e+02 8.051991999999999905e+01 4.083605599999999924e+01 2.780823099999999926e+01 1.616595500000000030e+01 1.709152399999999972e+01 1.723232499999999945e+01 9.902651000000000536e+00 9.146986000000000061e+00 1.538277300000000025e+01 9.506275000000000475e+00 1.002072049999999948e+01 1.244456100000000021e+01 5.482137999999999955e+00 5.600799999999999557e+00 3.835493299999999994e+00 5.513056999999999874e+00 5.661934999999999718e+00 7.810247400000000617e+00 8.735416999999999987e+00 4.215337299999999843e+00 5.608144300000000193e+00 5.603258000000000294e+00 4.153750399999999843e+00 4.824016000000000304e+00 5.867750000000000021e+00 3.737480399999999925e+00 4.152777000000000385e+00 2.968577400000000033e+00 6.069143300000000352e+00 2.122399300000000100e+00 3.847484600000000032e+00 6.341841999999999757e-01 1.444639000000000006e+00 2.220241000000000131e+00 3.834666499999999978e+00 1.985057999999999989e+00 2.279927300000000212e+00 6.280583000000000027e+00 3.774408799999999786e+00 2.658724799999999888e+00 0.000000000000000000e+00 1.175292800000000026e+00 1.401694699999999960e+00 1.946653699999999931e+00 6.942360400000000542e-01 3.742133100000000212e+00 4.460529300000000141e+00 4.265575000000000117e+00 4.676862700000000039e+00 7.583742599999999001e+00 3.349905999999999828e+00 6.415275000000000283e+00 1.617571699999999835e+00 3.350560000000000205e+00 2.140251899999999985e+00 1.818514299999999917e+00 3.221319200000000382e+00
2.654728499999999869e+01 4.728522499999999695e+01 8.051991999999999905e+01 1.694045299999999941e+02 1.000162200000000041e+02 5.464207499999999840e+01 1.966296600000000083e+01 2.208804900000000160e+01 1.721353500000000025e+01 9.479692999999999259e+00 8.082741999999999649e+00 1.435760800000000081e+01 9.360255000000000436e+00 1.315572999999999837e+01 6.597988000000000852e+00 1.102077399999999940e+01 6.433897499999999603e+00 1.174935499999999955e+01 9.047290000000000276e+00 7.588146700000000244e+00 8.074792999999999665e+00 9.031299999999999883e+00 5.649410999999999738e+00 6.442333999999999783e+00 8.367738000000001009e+00 5.725925400000000387e+00 4.617974799999999824e+00 5.055416600000000038e+00 1.431138800000000044e+00 4.174175700000000155e+00 4.774198499999999790e+00 2.323968199999999928e+00 8.126993000000000134e-01 1.894192700000000062e+00 1.457033199999999917e+00 8.297617000000000465e-01 1.700328999999999979e+00 8.810116599999999742e-01 2.280327600000000121e+00 8.730191999999998842e-01 1.442959099999999939e+00 2.601502700000000168e+00 2.290649999999999853e+00 2.232082600000000028e+00 2.025169800000000020e+00 8.050956999999999697e-01 7.454036499999999732e-01 1.595001899999999750e+00 1.719504499999999769e+00 5.124016000000000126e+00 0.000000000000000000e+00 2.686263999999999985e+00 4.355897399999999919e+00 6.413653000000000048e+00 3.684761299999999906e+00 2.787268899999999938e+00 2.886706999999999912e+00 1.639070699999999770e+00 3.133516999999999886e+00 3.700477799999999817e+00
2.543473399999999884e+01 2.774145499999999842e+01 4.083605599999999924e+01 1.000162200000000041e+02 1.635709999999999980e+02 1.030934100000000058e+02 4.558554999999999779e+01 2.717144800000000160e+01 1.392670200000000058e+01 1.614651900000000140e+01 1.170205699999999993e+01 9.405746999999999858e+00 1.328590100000000085e+01 1.120390800000000020e+01 6.555607000000001072e+00 6.704071500000000405e+00 6.164264000000000188e+00 7.504640600000000106e+00 7.705008000000000301e+00 1.107830900000000085e+01 1.375358600000000031e+01 1.367358199999999968e+01 1.099713900000000066e+01 8.229796000000000333e+00 9.867150999999999783e+00 1.056555700000000009e+01 1.022538100000000050e+01 4.305380300000000382e+00 2.437621800000000061e+00 6.094084999999999752e+00 3.485044000000000253e+00 6.597258599999999973e+00 3.460624500000000214e+00 1.613164800000000065e+00 1.861295300000000097e+00 2.119967500000000005e+00 2.172094799999999548e+00 2.250906700000000260e+00 3.884023399999999793e+00 1.486991200000000068e+00 5.529948700000000272e+00 2.215536000000000172e+00 3.251337299999999875e+00 3.801848999999999812e+00 1.149806499999999954e+00 6.856493399999999960e-01 1.269626899999999781e+00 3.395907199999999904e+00 3.660984500000000086e+00 1.090950499999999934e+00 4.173074999999999868e+00 1.143861000000000017e+00 0.000000000000000000e+00 1.092420899999999806e+00 1.046026499999999970e+00 5.538730600000000059e+00 8.194755999999999707e-01 2.093840399999999935e+00 1.779079600000000205e+00 5.252440499999999624e+00
1.610489000000000104e+01 3.314774299999999840e+01 2.780823099999999926e+01 5.464207499999999840e+01 1.030934100000000058e+02 1.720326100000000054e+02 1.148672600000000159e+02 5.062108599999999825e+01 2.088515900000000158e+01 1.916949800000000081e+01 1.111434900000000070e+01 1.250671299999999952e+01 6.940256599999998777e+00 1.263644700000000043e+01 7.115848500000000243e+00 5.093900700000000725e+00 7.155719000000000385e+00 1.187956299999999921e+01 8.049846999999999753e+00 8.768272999999998873e+00 8.708563999999999083e+00 1.055182399999999987e+01 1.175043800000000083e+01 7.165101499999999568e+00 3.123865799999999915e+00 4.631504500000000135e+00 5.976514299999999835e+00 5.452204000000000050e+00 5.209195600000000148e+00 4.823354000000000141e+00 4.413355000000000139e+00 3.759556499999999968e+00 3.944187599999999794e+00 1.021431699999999942e+00 2.946360600000000218e+00 1.342331500000000011e+00 1.375337699999999996e+00 2.137860299999999825e+00 4.303783999999999388e+00 1.412310600000000083e+00 1.167160200000000092e+00 1.402844200000000097e+00 1.852828099999999978e+00 2.708182799999999890e+00 4.368241000000000263e+00 1.302428499999999989e+00 1.205862899999999849e+00 6.450711500000000376e-01 6.954240999999999895e-01 3.108480699999999874e+00 2.972619499999999970e+00 1.086413400000000085e+00 2.348890799999999945e+00 5.187783699999999776e+00 2.980477000000000043e+00 4.509052800000000083e+00 3.113277700000000259e+00 3.314470299999999980e+00 4.224324000000000190e+00 4.988649400000000789e+00
1.278912000000000049e+01 1.546251400000000054e+01 1.616595500000000030e+01 1.966296600000000083e+01 4.558554999999999779e+01 1.148672600000000159e+02 1.653400699999999972e+02 8.899653000000000702e+01 4.885094500000000295e+01 3.487397399999999692e+01 1.444264500000000062e+01 1.625196499999999844e+01 1.803716299999999961e+01 1.642054999999999865e+01 1.387013299999999916e+01 6.619316599999999440e+00 8.453241000000000227e+00 1.698071099999999944e+01 1.236234900000000003e+01 7.975810499999999692e+00 8.487318000000000140e+00 5.273717400000000666e+00 7.634608300000000014e+00 4.232162999999999897e+00 6.765560999999999936e+00 8.024602999999999042e+00 4.853898499999999672e+00 7.970532400000000628e+00 7.521264599999999412e+00 5.640977000000000352e+00 2.867487699999999862e+00 4.071158999999999750e+00 4.271093000000000472e+00 3.981926699999999819e+00 2.297205400000000175e+00 0.000000000000000000e+00 8.935976999999999393e-01 9.260208599999999457e-01 3.994708800000000171e+00 4.588100400000000079e+00 2.275015600000000138e+00 3.645877800000000057e+00 1.605116500000000057e+00 3.519173100000000165e+00 1.419087899999999847e+00 2.538679399999999919e+00 3.133939699999999995e+00 0.000000000000000000e+00 9.036752999999999592e-01 5.385792299999999422e+00 3.862798000000000176e+00 7.058749999999999858e+00 1.526143999999999945e+00 0.000000000000000000e+00 5.164011499999999977e+00 5.859329999999999927e+00 4.045577999999999896e+00 2.584211600000000164e+00 4.391469999999999985e+00 3.889528299999999827e+00
9.142276999999999987e+00 1.488818200000000047e+01 1.709152399999999972e+01 2.208804900000000160e+01 2.717144800000000160e+01 5.062108599999999825e+01 8.899653000000000702e+01 1.796610699999999952e+02 9.145976000000000283e+01 4.253293599999999941e+01 2.004128000000000043e+01 3.129662000000000077e+01 1.289382900000000021e+01 1.941656499999999852e+01 1.168557900000000060e+01 1.673030999999999935e+01 1.424370099999999972e+01 1.387271600000000049e+01 1.281879499999999972e+01 1.151934050000000020e+01 4.237369000000000163e+00 9.478621499999999145e+00 1.429367350000000059e+01 1.331155299999999997e+01 1.291995700000000014e+01 1.014108500000000035e+01 1.199559200000000025e+01 1.094323799999999913e+01 5.914216999999999835e+00 4.224461999999999939e+00 6.442283999999999899e+00 6.402571000000000012e+00 4.797857800000000061e+00 2.236513899999999833e+00 8.601752000000000287e-01 2.939152200000000104e+00 1.003807399999999905e+00 1.040229300000000023e+00 7.179817999999999145e+00 3.092377700000000118e+00 1.703732700000000211e+00 2.047766699999999940e+00 0.000000000000000000e+00 3.953201799999999988e+00 7.970538000000000345e-01 9.505936999999999859e-01 1.760228200000000021e+00 7.533011999999999375e+00 4.060511599999999888e+00 3.025017700000000254e+00 2.892804400000000165e+00 1.585864800000000185e+00 3.428734500000000018e+00 1.514547499999999935e+00 1.450225600000000226e+00 4.387984300000000282e+00 5.680661699999999925e+00 9.676430000000000309e-01 2.466540600000000083e+00 2.912822499999999870e+00
1.190844200000000086e+01 1.131251050000000014e+01 1.723232499999999945e+01 1.721353500000000025e+01 1.392670200000000058e+01 2.088515900000000158e+01 4.885094500000000295e+01 9.145976000000000283e+01 1.667856299999999976e+02 1.067667160000000024e+02 4.150047699999999651e+01 2.560940400000000139e+01 1.808702500000000057e+01 1.906582799999999978e+01 1.821348199999999906e+01 1.303817300000000046e+01 8.658252000000000947e+00 1.094634800000000041e+01 1.048936600000000041e+01 1.167034499999999930e+01 1.188807500000000061e+01 7.479161999999999644e+00 1.470383099999999921e+01 6.668926700000000984e+00 9.061837999999999838e+00 1.343525900000000028e+01 9.943232999999999322e+00 8.373165000000000191e+00 8.296261999999998693e+00 8.888897999999999300e+00 8.472203000000000372e+00 7.698264999999999247e+00 8.749352999999999270e+00 5.751726999999999812e+00 5.429809999999999803e+00 2.748628599999999977e+00 4.224320999999999771e+00 4.377595000000000347e+00 1.258950599999999920e+00 5.060862499999999820e+00 3.584907499999999914e+00 2.872537400000000130e+00 6.955571700000000135e+00 9.242361999999999522e-01 4.472319999999999851e+00 2.000190700000000099e+00 1.851891200000000071e+00 1.320881600000000100e+00 5.695947599999999333e+00 5.304240000000000066e+00 4.057927600000000190e+00 2.224597200000000274e+00 2.404856200000000221e+00 4.249111000000000082e+00 3.051490499999999884e+00 3.077657700000000052e+00 0.000000000000000000e+00 4.072130000000000472e+00 1.729989500000000069e+00 2.043004000000000264e+00
9.080469000000000790e+00 1.245986100000000008e+01 9.902651000000000536e+00 9.479692999999999259e+00 1.614651900000000140e+01 1.916949800000000081e+01 3.487397399999999692e+01 4.253293599999999941e+01 1.067667160000000024e+02 2.040625000000000000e+02 1.415522799999999961e+02 5.036926700000000068e+01 2.347887400000000113e+01 2.324949600000000061e+01 9.027338000000000306e+00 1.148843699999999934e+01 1.393781399999999948e+01 1.071694399999999980e+01 1.072799999999999976e+01 1.384275700000000064e+01 1.309380149999999965e+01 1.006832700000000003e+01 9.569855999999999696e+00 1.101796500000000023e+01 9.393805499999999142e+00 1.131604600000000005e+01 1.347902400000000078e+01 1.460213000000000072e+01 9.790388000000000090e+00 1.522956899999999969e+01 1.181987699999999997e+01 2.119761799999999852e+01 1.111931500000000028e+01 5.759168599999999749e+00 7.309522999999998660e+00 6.811657400000000528e+00 5.428225499999999926e+00 7.232376999999999612e+00 7.626505400000000101e+00 3.185229300000000041e+00 5.264667000000000208e+00 7.909697999999999674e+00 4.875199299999999347e+00 6.107851000000000141e+00 6.157396000000000313e+00 4.406113000000000390e+00 6.119148000000000032e+00 8.001673000000000258e+00 6.273648699999999856e+00 4.673770400000000436e+00 5.586869700000000272e+00 2.450222999999999818e+00 3.973146400000000078e+00 2.340034999999999865e+00 2.240654999999999841e+00 5.084705400000000708e+00 8.776843500000000020e-01 2.242569200000000151e+00 1.905450599999999994e+00 2.250212200000000440e+00
4.301304299999999969e+00 8.989321999999999591e+00 9.146986000000000061e+00 8.082741999999999649e+00 1.170205699999999993e+01 1.111434900000000070e+01 1.444264500000000062e+01 2.004128000000000043e+01 4.150047699999999651e+01 1.415522799999999961e+02 1.527517899999999997e+02 9.104706000000000188e+01 3.700475699999999790e+01 1.790499900000000011e+01 1.026272900000000021e+01 9.795470999999999151e+00 1.250937099999999980e+01 7.995458999999999428e+00 9.147095000000000198e+00 9.273669999999999192e+00 9.768731999999999971e+00 7.023791000000000118e+00 1.129793199999999942e+01 9.394330000000000069e+00 1.251486099999999979e+01 1.039067599999999914e+01 1.867567000000000021e+01 2.096896600000000177e+01 2.337342500000000101e+01 2.040547400000000167e+01 2.015614000000000061e+01 1.626649700000000109e+01 2.275378800000000012e+01 1.080306200000000061e+01 7.365532000000000856e+00 8.389152000000001053e+00 5.289495500000000128e+00 9.592482000000000397e+00 5.320345400000000780e+00 1.357922899999999933e+00 9.538812000000000069e+00 7.418514999999999304e+00 6.532079000000000413e+00 3.471855000000000135e+00 7.350036999999998599e+00 5.009089499999999973e+00 7.536265400000001335e+00 1.302482200000000034e+01 7.355077999999999783e+00 3.985031600000000118e+00 3.810859400000000008e+00 6.267455599999999905e+00 1.129217899999999775e+00 2.992802100000000021e+00 3.820932899999999854e+00 2.167705000000000215e+00 1.496693100000000110e+00 1.274732399999999766e+00 8.123293000000000319e-01 9.593075500000000089e-01
1.057919700000000063e+01 5.583214299999999852e+00 1.538277300000000025e+01 1.435760800000000081e+01 9.405746999999999858e+00 1.250671299999999952e+01 1.625196499999999844e+01 3.129662000000000077e+01 2.560940400000000139e+01 5.036926700000000068e+01 9.104706000000000188e+01 1.478804000000000087e+02 1.002981950000000069e+02 4.630971999999999866e+01 3.155189000000000377e+01 2.676919699999999835e+01 2.649397899999999950e+01 9.364328000000000429e+00 1.538295650000000059e+01 1.612749900000000025e+01 1.430149599999999843e+01 1.386284599999999934e+01 1.629521400000000142e+01 1.454800700000000013e+01 1.094425000000000026e+01 6.084810000000000052e+00 1.374076600000000070e+01 1.432606799999999936e+01 1.368754599999999932e+01 1.267371750000000041e+01 1.304596699999999920e+01 1.728739500000000007e+01 8.636369999999999436e+00 6.709717499999999779e-01 3.096711600000000342e+00 7.054149999999999920e+00 1.084140400000000071e+01 5.617385400000000750e+00 5.654254400000000125e+00 5.566425299999999687e+00 7.666997999999998648e+00 5.529114700000000049e+00 3.245627999999999957e+00 0.000000000000000000e+00 6.456304599999999283e+00 2.566670199999999902e+00 3.960617000000000054e+00 8.474860000000001392e+00 9.136390000000000455e+00 4.083880999999999872e+00 6.508980300000000163e+00 4.281946999999999726e+00 0.000000000000000000e+00 2.726256799999999814e+00 0.000000000000000000e+00 1.974644700000000030e+00 3.067637400000000181e+00 1.741802899999999932e+00 4.439888999999999974e+00 0.000000000000000000e+00
9.132097999999999161e+00 1.025239499999999992e+01 9.506275000000000475e+00 9.360255000000000436e+00 1.328590100000000085e+01 6.940256599999998777e+00 1.803716299999999961e+01 1.289382900000000021e+01 1.808702500000000057e+01 2.347887400000000113e+01 3.700475699999999790e+01 1.002981950000000069e+02 1.633351399999999956e+02 9.935503400000000340e+01 4.621865999999999985e+01 2.245104999999999862e+01 2.595503599999999977e+01 1.873881000000000085e+01 1.697569500000000176e+01 1.708543200000000084e+01 1.952791600000000116e+01 1.129712800000000072e+01 9.085846999999999341e+00 1.510992399999999947e+01 1.304359999999999964e+01 1.145996949999999970e+01 1.317055799999999799e+01 1.075037599999999927e+01 1.342643699999999995e+01 8.951003000000000043e+00 1.074956099999999992e+01 1.162807800000000036e+01 2.439826300000000003e+00 4.264955000000000496e+00 6.014522599999999386e+00 3.736574599999999968e+00 7.018828999999999319e+00 5.951043999999999556e+00 6.845832300000000536e+00 3.276142800000000133e+00 8.122398000000000451e+00 7.159203500000000275e+00 4.011479000000000461e+00 5.025746299999999778e+00 2.026605399999999779e+00 3.625498799999999910e+00 4.475592599999999699e+00 1.795649199999999945e+00 3.871627600000000058e+00 2.884302100000000202e+00 1.838826099999999908e+00 5.040315599999999563e+00 3.269239200000000345e+00 9.627299000000000273e-01 3.687373399999999801e+00 1.394622399999999818e+00 5.777506999999999948e+00 3.075436400000000070e+00 2.351803799999999889e+00 0.000000000000000000e+00
5.250705700000000142e+00 1.246986599999999967e+01 1.002072049999999948e+01 1.315572999999999837e+01 1.120390800000000020e+01 1.263644700000000043e+01 1.642054999999999865e+01 1.941656499999999852e+01 1.906582799999999978e+01 2.324949600000000061e+01 1.790499900000000011e+01 4.630971999999999866e+01 9.935503400000000340e+01 1.717340700000000027e+02 9.830968500000000176e+01 4.484087799999999646e+01 2.863216800000000006e+01 3.369610000000000127e+01 1.646280900000000003e+01 2.229813800000000157e+01 2.058469399999999894e+01 1.746577999999999875e+01 1.851657700000000162e+01 1.401630300000000062e+01 1.374947300000000183e+01 8.305096999999999952e+00 1.169120000000000026e+01 1.466513100000000058e+01 1.075629999999999953e+01 8.491858500000001087e+00 1.133128800000000069e+01 9.805877999999999872e+00 3.214825900000000125e+00 1.498586200000000090e+00 1.729092700000000038e+00 1.969392199999999926e+00 2.017816999999999972e+00 1.394020700000000001e+00 2.405434599999999978e+00 1.381374399999999891e+00 2.283187600000000206e+00 1.372115100000000476e+00 1.812242300000000084e+00 7.063627999999999574e+00 5.340694999999999748e-01 4.458647000000000027e+00 1.769173099999999943e+00 1.892823099999999981e+00 4.761337000000000153e+00 2.026926800000000028e+00 3.876673199999999930e+00 4.250462999999999880e+00 2.297438899999999951e+00 7.103805000000000369e+00 4.858650700000000100e+00 2.205141300000000193e+00 3.045081999999999844e+00 3.241867500000000124e+00 8.263582600000000111e-01 3.903499399999999842e+00
8.192752000000000479e+00 7.782764399999999583e+00 1.244456100000000021e+01 6.597988000000000852e+00 6.555607000000001072e+00 7.115848500000000243e+00 1.387013299999999916e+01 1.168557900000000060e+01 1.821348199999999906e+01 9.027338000000000306e+00 1.026272900000000021e+01 3.155189000000000377e+01 4.621865999999999985e+01 9.830968500000000176e+01 1.861672000000000082e+02 6.830001000000000033e+01 3.914397000000000304e+01 3.729565000000000197e+01 3.159041600000000116e+01 2.064586400000000310e+01 1.234113499999999952e+01 1.486478600000000050e+01 1.964065000000000083e+01 2.044972000000000278e+01 1.838871400000000023e+01 1.413661300000000054e+01 1.074971999999999994e+01 5.349089000000000205e+00 6.814235700000000229e+00 4.416656500000000207e+00 9.381422000000000594e+00 9.016220000000000567e+00 3.439638400000000207e+00 4.008455299999999610e+00 5.395856400000000441e+00 0.000000000000000000e+00 1.799102200000000096e+00 3.728760999999999992e+00 4.825587000000000515e+00 9.237335300000000249e-01 2.290172300000000050e+00 3.670167399999999969e+00 1.615810200000000085e+00 2.361745800000000006e+00 2.857084299999999910e+00 4.259320999999999913e+00 7.887046999999999253e-01 4.219141500000000100e+00 4.548479000000000383e+00 5.421673300000000140e+00 9.073242999999999725e+00 4.263466400000000434e+00 0.000000000000000000e+00 6.786226299999999156e+00 2.599207600000000173e+00 3.932244499999999920e+00 3.054397799999999830e+00 8.671427400000000230e-01 3.315545000000000186e+00 0.000000000000000000e+00
1.340526799999999952e+01 6.367215999999999987e+00 5.482137999999999955e+00 1.102077399999999940e+01 6.704071500000000405e+00 5.093900700000000725e+00 6.619316599999999440e+00 1.673030999999999935e+01 1.303817300000000046e+01 1.148843699999999934e+01 9.795470999999999151e+00 2.676919699999999835e+01 2.245104999999999862e+01 4.484087799999999646e+01 6.830001000000000033e+01 1.621808599999999956e+02 9.746546999999999628e+01 6.674549000000000376e+01 4.248707600000000184e+01 1.806371100000000141e+01 2.174630499999999955e+01 1.216114199999999990e+01 1.100333400000000061e+01 1.951865400000000150e+01 1.365115450000000052e+01 1.734811600000000098e+01 1.539043400000000084e+01 1.021109500000000025e+01 8.671981999999999857e+00 1.716338500000000167e+01 8.265499000000000152e+00 8.214546999999999599e+00 2.462274799999999875e+00 9.564880999999999522e-01 1.103611200000000014e+00 6.284924000000000177e+00 1.287892500000000107e+00 2.669243999999999950e+00 6.908820000000000405e+00 1.322514500000000037e+00 4.371803800000000351e+00 5.254599599999999704e+00 1.156682299999999941e+00 0.000000000000000000e+00 0.000000000000000000e+00 1.219618799999999892e+00 1.129192999999999891e+00 1.208113800000000015e+00 6.512083500000000136e+00 3.881120399999999915e+00 3.711489700000000003e+00 2.034676300000000104e+00 4.399091999999999558e+00 1.943175700000000061e+00 0.000000000000000000e+00 1.407454100000000041e+00 7.288330999999998561e+00 1.241493200000000074e+00 1.582295000000000007e+00 1.868586499999999928e+00
8.559642000000000195e+00 7.318165299999998652e+00 5.600799999999999557e+00 6.433897499999999603e+00 6.164264000000000188e+00 7.155719000000000385e+00 8.453241000000000227e+00 1.424370099999999972e+01 8.658252000000000947e+00 1.393781399999999948e+01 1.250937099999999980e+01 2.649397899999999950e+01 2.595503599999999977e+01 2.863216800000000006e+01 3.914397000000000304e+01 9.746546999999999628e+01 1.829693000000000040e+02 1.079678339999999963e+02 3.990617400000000004e+01 2.852090600000000009e+01 1.943988200000000077e+01 2.251917600000000164e+01 1.311508700000000083e+01 1.620217500000000044e+01 1.295044799999999974e+01 6.646357499999999696e+00 1.000590399999999924e+01 1.173613100000000031e+01 8.305958999999999648e+00 1.245900100000000066e+01 7.916631699999999938e+00 7.792898700000001178e+00 3.773356999999999850e+00 1.954382899999999923e+00 1.127499100000000087e+00 1.284192400000000012e+00 1.973653700000000066e+00 6.817550999999999917e+00 2.940984500000000335e+00 4.053422000000000303e+00 2.791519999999999779e+00 3.355210299999999535e+00 2.363437999999999928e+00 8.636285999999999685e-01 2.611902200000000285e+00 3.115044399999999936e+00 1.730451799999999984e+00 1.234263700000000075e+00 5.987734999999999808e+00 2.973845999999999989e+00 3.791825799999999802e+00 4.157434499999999922e+00 5.617888999999999911e+00 3.970472299999999954e+00 2.851386500000000268e+00 3.594797100000000079e+00 1.489217800000000036e+00 3.805096600000000162e+00 3.233087999999999962e+00 1.909032499999999910e+00
3.126263100000000072e+00 1.039435800000000043e+01 3.835493299999999994e+00 1.174935499999999955e+01 7.504640600000000106e+00 1.187956299999999921e+01 1.698071099999999944e+01 1.387271600000000049e+01 1.094634800000000041e+01 1.071694399999999980e+01 7.995458999999999428e+00 9.364328000000000429e+00 1.873881000000000085e+01 3.369610000000000127e+01 3.729565000000000197e+01 6.674549000000000376e+01 1.079678339999999963e+02 2.033933700000000044e+02 7.926780999999999722e+01 4.902011000000000251e+01 2.789319000000000059e+01 1.985283000000000087e+01 1.596687099999999937e+01 1.024194400000000016e+01 1.546323199999999964e+01 1.483453000000000088e+01 1.827242700000000042e+01 1.071605300000000049e+01 8.089624000000000592e+00 7.584061599999999181e+00 4.819023999999999752e+00 1.423111500000000085e+01 1.148461799999999977e+00 4.461280999999999608e+00 3.088498400000000199e+00 2.345146699999999917e+00 1.201405399999999846e+00 1.244996999999999909e+00 6.444866000000000206e+00 4.934809999999999697e+00 3.058664999999999967e+00 2.450866500000000059e+00 4.316025999999999918e+00 0.000000000000000000e+00 1.907905299999999915e+00 1.137716699999999914e+00 0.000000000000000000e+00 0.000000000000000000e+00 1.214954400000000101e+00 3.620488200000000933e+00 5.193373000000000239e+00 3.796079900000000062e+00 6.155514000000000152e+00 0.000000000000000000e+00 0.000000000000000000e+00 9.190566999999999709e+00 2.719556600000000213e+00 4.632488700000000570e+00 7.380188499999999152e+00 5.229311000000000043e+00
9.629194999999999283e+00 1.097678849999999962e+01 5.513056999999999874e+00 9.047290000000000276e+00 7.705008000000000301e+00 8.049846999999999753e+00 1.236234900000000003e+01 1.281879499999999972e+01 1.048936600000000041e+01 1.072799999999999976e+01 9.147095000000000198e+00 1.538295650000000059e+01 1.697569500000000176e+01 1.646280900000000003e+01 3.159041600000000116e+01 4.248707600000000184e+01 3.990617400000000004e+01 7.926780999999999722e+01 1.772075199999999882e+02 1.094653699999999930e+02 3.827066800000000057e+01 2.882722000000000051e+01 2.529232400000000069e+01 1.752566000000000201e+01 1.961163700000000176e+01 1.827671799999999891e+01 9.648146999999999807e+00 8.801730000000000942e+00 5.606287499999999646e+00 7.786550000000000082e+00 1.068700600000000023e+01 5.394858000000000153e+00 2.829899300000000117e+00 3.847530400000000128e+00 3.170958499999999791e+00 5.056296299999999633e+00 3.700445999999999902e+00 3.067769499999999816e+00 3.970162999999999887e+00 3.799924100000000138e+00 4.396460499999999882e+00 7.548907400000000045e-01 3.323445599999999889e+00 1.943083200000000010e+00 2.938267200000000301e+00 4.205133999999999261e+00 2.595569400000000027e+00 3.471221400000000123e+00 3.742177700000000051e+00 6.690873599999998866e+00 5.332031699999999930e+00 5.846148000000000344e+00 6.319861000000000395e+00 4.466594699999999918e+00 4.276901000000000508e+00 3.235182000000000002e+00 2.512949700000000508e+00 4.993980400000000763e+00 1.818535900000000094e+00 1.073785800000000012e+00
1.153743100000000021e+00 3.288020099999999779e+00 5.661934999999999718e+00 7.588146700000000244e+00 1.107830900000000085e+01 8.768272999999998873e+00 7.975810499999999692e+00 1.151934050000000020e+01 1.167034499999999930e+01 1.384275700000000064e+01 9.273669999999999192e+00 1.612749900000000025e+01 1.708543200000000084e+01 2.229813800000000157e+01 2.064586400000000310e+01 1.806371100000000141e+01 2.852090600000000009e+01 4.902011000000000251e+01 1.094653699999999930e+02 1.865614300000000014e+02 6.925016999999999712e+01 4.814662599999999770e+01 4.461503600000000347e+01 2.183870500000000092e+01 1.812711699999999837e+01 1.493089899999999837e+01 1.445017400000000052e+01 1.142481899999999939e+01 1.194186000000000014e+01 9.329625999999999308e+00 9.247961999999999350e+00 8.887955999999999079e+00 3.390706000000000220e+00 1.317143699999999917e+00 3.039482800000000040e+00 0.000000000000000000e+00 2.660262299999999858e+00 2.756786799999999982e+00 5.549761300000000119e+00 6.374147999999999925e+00 2.257592400000000055e+00 2.713467000000000073e+00 0.000000000000000000e+00 0.000000000000000000e+00 3.520549500000000442e+00 4.198728000000000016e+00 3.109938399999999881e+00 6.654592500000000577e+00 2.690263499999999919e+00 5.344545000000000101e+00 3.833214799999999922e+00 8.405628999999999351e+00 4.543368300000000026e+00 6.689685300000000723e+00 3.843347000000000069e+00 4.845380999999999716e+00 1.003648600000000002e+00 8.548068000000000888e-01 3.268378300000000181e+00 2.573160199999999787e+00
5.729432000000000080e+00 6.349835400000000796e+00 7.810247400000000617e+00 8.074792999999999665e+00 1.375358600000000031e+01 8.708563999999999083e+00 8.487318000000000140e+00 4.237369000000000163e+00 1.188807500000000061e+01 1.309380149999999965e+01 9.768731999999999971e+00 1.430149599999999843e+01 1.952791600000000116e+01 2.058469399999999894e+01 1.234113499999999952e+01 2.174630499999999955e+01 1.943988200000000077e+01 2.789319000000000059e+01 3.827066800000000057e+01 6.925016999999999712e+01 1.440632799999999918e+02 1.048200999999999965e+02 3.692601799999999912e+01 3.406440400000000324e+01 2.389376599999999939e+01 1.977229900000000029e+01 1.594641299999999973e+01 1.745695100000000011e+01 1.050151900000000005e+01 1.286957499999999932e+01 1.000928000000000040e+01 1.270615100000000020e+01 2.104760200000000303e+00 2.725363300000000155e+00 1.886740599999999990e+00 7.163163399999999958e-01 3.669648200000000582e+00 1.521118799999999993e+00 5.249494000000000327e+00 5.275617600000000351e+00 6.851224400000000436e+00 3.743040000000000145e+00 5.932413600000000287e+00 2.890366999999999909e+00 5.244862999999999609e+00 4.865158600000000000e+00 3.217458700000000338e+00 2.065399000000000207e+00 5.195445499999999939e+00 2.211729000000000056e+00 4.230123999999999995e+00 1.159498499999999988e+00 1.253452500000000081e+00 4.429420499999999983e+00 1.060326300000000055e+00 2.406192299999999840e+00 4.153392000000000195e+00 1.414976400000000023e+00 2.705101299999999931e+00 2.129697999999999869e+00
3.204058600000000201e+00 8.116583999999999577e+00 8.735416999999999987e+00 9.031299999999999883e+00 1.367358199999999968e+01 1.055182399999999987e+01 5.273717400000000666e+00 9.478621499999999145e+00 7.479161999999999644e+00 1.006832700000000003e+01 7.023791000000000118e+00 1.386284599999999934e+01 1.129712800000000072e+01 1.746577999999999875e+01 1.486478600000000050e+01 1.216114199999999990e+01 2.251917600000000164e+01 1.985283000000000087e+01 2.882722000000000051e+01 4.814662599999999770e+01 1.048200999999999965e+02 1.937796199999999942e+02 1.114324000000000012e+02 3.498937000000000097e+01 3.356052800000000502e+01 2.395731400000000022e+01 2.229420000000000002e+01 6.508276999999999646e+00 1.105457499999999982e+01 1.209100300000000061e+01 1.251199000000000083e+01 8.975538000000000238e+00 3.138775299999999824e+00 4.267477999999999660e+00 4.220472299999999954e+00 1.602336500000000052e+00 5.746075599999999284e+00 2.551956399999999903e+00 7.339160000000000572e+00 5.057610999999999635e+00 8.359408999999999423e+00 5.023710299999999407e+00 5.160667000000000115e+00 6.465496500000000424e+00 4.562559600000000160e+00 3.886760999999999910e+00 2.159151599999999949e+00 2.310057599999999933e+00 4.150626700000000113e+00 3.710582300000000000e+00 1.182801800000000014e+00 2.593695900000000165e+00 1.401931399999999828e+00 3.715583599999999986e+00 8.301497999999998711e+00 3.588293600000000083e+00 2.787231400000000026e+00 1.582588699999999848e+00 4.034048600000000206e+00 1.190986600000000228e+00
5.153803299999999865e+00 5.711875400000000269e+00 4.215337299999999843e+00 5.649410999999999738e+00 1.099713900000000066e+01 1.175043800000000083e+01 7.634608300000000014e+00 1.429367350000000059e+01 1.470383099999999921e+01 9.569855999999999696e+00 1.129793199999999942e+01 1.629521400000000142e+01 9.085846999999999341e+00 1.851657700000000162e+01 1.964065000000000083e+01 1.100333400000000061e+01 1.311508700000000083e+01 1.596687099999999937e+01 2.529232400000000069e+01 4.461503600000000347e+01 3.692601799999999912e+01 1.114324000000000012e+02 1.830019499999999937e+02 1.200665999999999940e+02 4.048716999999999899e+01 2.816084999999999994e+01 2.366808999999999941e+01 2.028313599999999894e+01 1.667019700000000171e+01 1.620721800000000101e+01 1.006291399999999925e+01 7.218682000000000265e+00 6.310991999999999713e+00 4.412789000000000073e+00 2.828637000000000068e+00 4.510442299999999349e+00 3.300963200000000430e+00 5.473175499999999971e+00 5.902605000000000324e+00 2.711761700000000275e+00 5.042365000000000208e+00 4.040377999999999581e+00 4.150526999999999411e+00 8.666584999999998873e-01 1.572639499999999968e+00 5.001557000000000031e+00 4.051886599999999561e+00 1.238593899999999914e+00 4.005828000000000166e+00 4.973798799999999964e+00 1.902564399999999933e+00 4.172020400000000073e+00 2.255039500000000086e+00 3.984402000000000221e+00 9.537967400000000318e-01 2.164445200000000291e+00 3.736105999999999927e+00 1.272815500000000100e+00 1.622215399999999974e+00 1.915729999999999933e+00
1.714173200000000064e+00 9.770348999999999506e+00 5.608144300000000193e+00 6.442333999999999783e+00 8.229796000000000333e+00 7.165101499999999568e+00 4.232162999999999897e+00 1.331155299999999997e+01 6.668926700000000984e+00 1.101796500000000023e+01 9.394330000000000069e+00 1.454800700000000013e+01 1.510992399999999947e+01 1.401630300000000062e+01 2.044972000000000278e+01 1.951865400000000150e+01 1.620217500000000044e+01 1.024194400000000016e+01 1.752566000000000201e+01 2.183870500000000092e+01 3.406440400000000324e+01 3.498937000000000097e+01 1.200665999999999940e+02 1.578663599999999860e+02 1.007469559999999973e+02 2.957809999999999917e+01 3.649787500000000051e+01 2.285017799999999966e+01 1.607924299999999818e+01 1.155123900000000070e+01 1.426862200000000058e+01 1.440575499999999920e+01 6.297175000000000189e+00 9.784727999999999426e+00 5.644887400000000000e+00 5.143505600000000122e+00 5.269977599999999818e+00 6.826490400000000847e+00 7.656586599999999798e+00 6.088105699999999842e+00 6.708433599999999331e+00 6.719219700000000017e+00 4.141439400000000326e+00 4.323805300000000074e+00 2.092261800000000171e+00 3.119129000000000040e+00 4.043015500000000095e+00 4.943528700000000775e+00 1.998528800000000105e+00 7.940654799999999902e+00 5.695196599999999165e+00 1.040721500000000077e+00 6.750306599999999158e+00 6.957437500000000163e+00 3.806833999999999829e+00 5.039315000000000211e+00 4.473511000000000237e+00 6.350143599999999999e-01 2.427995700000000312e+00 0.000000000000000000e+00
8.220862999999999587e+00 6.507890699999999917e+00 5.603258000000000294e+00 8.367738000000001009e+00 9.867150999999999783e+00 3.123865799999999915e+00 6.765560999999999936e+00 1.291995700000000014e+01 9.061837999999999838e+00 9.393805499999999142e+00 1.251486099999999979e+01 1.094425000000000026e+01 1.304359999999999964e+01 1.374947300000000183e+01 1.838871400000000023e+01 1.365115450000000052e+01 1.295044799999999974e+01 1.546323199999999964e+01 1.961163700000000176e+01 1.812711699999999837e+01 2.389376599999999939e+01 3.356052800000000502e+01 4.048716999999999899e+01 1.007469559999999973e+02 1.554735900000000015e+02 1.052062999999999988e+02 4.690538400000000507e+01 3.444109300000000218e+01 2.526119600000000176e+01 1.292611600000000038e+01 1.689622699999999966e+01 1.055501650000000069e+01 6.040021000000000306e+00 6.647817999999999117e+00 3.158383000000000163e+00 2.055609700000000206e+00 5.265386000000000344e+00 8.730294999999999916e+00 5.178405000000000591e+00 7.569708300000000278e+00 5.362071000000000254e+00 6.981900699999999738e+00 3.310265300000000188e+00 6.912061000000000455e+00 6.689404500000000198e+00 4.986258499999999927e+00 1.846625399999999972e+00 9.878443500000000377e-01 4.259814000000000433e+00 2.380120999999999931e+00 7.586979999999999835e-01 7.486666699999999786e+00 3.597027000000000196e+00 1.588886000000000021e+00 2.282110499999999931e+00 2.301679800000000053e+00 1.191896999999999984e+00 1.522706700000000080e+00 2.587605700000000120e+00 1.527896200000000038e+00
3.047103200000000456e+00 3.859490399999999877e+00 4.153750399999999843e+00 5.725925400000000387e+00 1.056555700000000009e+01 4.631504500000000135e+00 8.024602999999999042e+00 1.014108500000000035e+01 1.343525900000000028e+01 1.131604600000000005e+01 1.039067599999999914e+01 6.084810000000000052e+00 1.145996949999999970e+01 8.305096999999999952e+00 1.413661300000000054e+01 1.734811600000000098e+01 6.646357499999999696e+00 1.483453000000000088e+01 1.827671799999999891e+01 1.493089899999999837e+01 1.977229900000000029e+01 2.395731400000000022e+01 2.816084999999999994e+01 2.957809999999999917e+01 1.052062999999999988e+02 1.989194999999999993e+02 1.034661799999999943e+02 4.177884999999999849e+01 2.299729999999999919e+01 2.244985799999999898e+01 1.878800800000000137e+01 1.351510999999999996e+01 1.044756199999999957e+01 6.957307300000000083e+00 6.020589400000000424e+00 6.857296500000000350e+00 3.903282400000000152e+00 8.089816600000000468e-01 6.979639999999999844e+00 1.202464100000000080e+01 3.312463300000000110e+00 7.166424799999998818e+00 4.206741000000000064e+00 2.049591500000000011e+00 3.099325700000000072e+00 2.957089700000000043e+00 6.160146700000000308e+00 4.393792000000000364e+00 1.578920700000000066e+00 9.410171000000000063e+00 5.624302400000000368e+00 2.466639799999999827e+00 7.999533999999999700e+00 4.711426699999999634e+00 3.383501499999999940e+00 4.265644599999999897e+00 2.650694800000000129e+00 1.505063199999999934e+00 3.836434800000000145e+00 2.265288799999999991e+00
5.897992999999999597e+00 5.602841999999999878e+00 4.824016000000000304e+00 4.617974799999999824e+00 1.022538100000000050e+01 5.976514299999999835e+00 4.853898499999999672e+00 1.199559200000000025e+01 9.943232999999999322e+00 1.347902400000000078e+01 1.867567000000000021e+01 1.374076600000000070e+01 1.317055799999999799e+01 1.169120000000000026e+01 1.074971999999999994e+01 1.539043400000000084e+01 1.000590399999999924e+01 1.827242700000000042e+01 9.648146999999999807e+00 1.445017400000000052e+01 1.594641299999999973e+01 2.229420000000000002e+01 2.366808999999999941e+01 3.649787500000000051e+01 4.690538400000000507e+01 1.034661799999999943e+02 1.723633899999999812e+02 8.760638000000000147e+01 4.133417500000000189e+01 2.808618400000000292e+01 2.424412999999999840e+01 1.445680699999999952e+01 1.516677900000000001e+01 9.538849000000000800e+00 5.179330300000000165e+00 1.327302899999999930e+01 8.310741000000000156e+00 7.046416800000000258e+00 8.105902999999999636e+00 6.982492399999999932e+00 9.617438999999999183e+00 1.001821900000000021e+01 9.499694999999999112e+00 5.950804699999999947e+00 2.999537699999999862e+00 7.870173999999999559e+00 4.636963999999999864e+00 6.378490000000000215e+00 8.404467000000000354e+00 1.024559400000000053e+01 2.177287600000000101e+00 4.774444599999999816e+00 5.161317299999999442e+00 2.279867400000000099e+00 5.457607000000000319e+00 2.476983000000000157e+00 3.420468599999999970e+00 2.913210400000000089e+00 2.784685899999999936e+00 6.577062599999998760e+00
4.483809499999999559e+00 5.963198700000000407e+00 5.867750000000000021e+00 5.055416600000000038e+00 4.305380300000000382e+00 5.452204000000000050e+00 7.970532400000000628e+00 1.094323799999999913e+01 8.373165000000000191e+00 1.460213000000000072e+01 2.096896600000000177e+01 1.432606799999999936e+01 1.075037599999999927e+01 1.466513100000000058e+01 5.349089000000000205e+00 1.021109500000000025e+01 1.173613100000000031e+01 1.071605300000000049e+01 8.801730000000000942e+00 1.142481899999999939e+01 1.745695100000000011e+01 6.508276999999999646e+00 2.028313599999999894e+01 2.285017799999999966e+01 3.444109300000000218e+01 4.177884999999999849e+01 8.760638000000000147e+01 1.379829300000000103e+02 1.316879100000000165e+02 5.994634200000000135e+01 3.594050000000000011e+01 2.826114500000000263e+01 1.581282400000000088e+01 1.382085700000000017e+01 1.122176900000000010e+01 1.143590599999999924e+01 1.171710099999999954e+01 1.142799199999999971e+01 9.243480999999999170e+00 7.785469499999999599e+00 1.286811699999999981e+01 1.124841400000000036e+01 1.238043000000000049e+01 3.619166599999999789e+00 4.925507500000000149e+00 1.044325300000000034e+01 6.647410999999999959e+00 9.051645000000000607e+00 7.667155700000000351e+00 5.192647000000000013e+00 2.979416399999999854e+00 2.177795000000000147e+00 4.708523000000000458e+00 4.159716599999999431e+00 4.978819999999999801e+00 1.506454100000000018e+00 3.900495300000000221e+00 2.657639000000000085e+00 1.693593099999999962e+00 1.000011200000000100e+00
6.854341000000000683e+00 5.787849999999999717e+00 3.737480399999999925e+00 1.431138800000000044e+00 2.437621800000000061e+00 5.209195600000000148e+00 7.521264599999999412e+00 5.914216999999999835e+00 8.296261999999998693e+00 9.790388000000000090e+00 2.337342500000000101e+01 1.368754599999999932e+01 1.342643699999999995e+01 1.075629999999999953e+01 6.814235700000000229e+00 8.671981999999999857e+00 8.305958999999999648e+00 8.089624000000000592e+00 5.606287499999999646e+00 1.194186000000000014e+01 1.050151900000000005e+01 1.105457499999999982e+01 1.667019700000000171e+01 1.607924299999999818e+01 2.526119600000000176e+01 2.299729999999999919e+01 4.133417500000000189e+01 1.316879100000000165e+02 1.877115799999999979e+02 1.186546859999999981e+02 6.574228999999999701e+01 2.826826500000000308e+01 2.629917299999999969e+01 1.217237399999999958e+01 1.805744599999999878e+01 1.828174800000000033e+01 1.229239749999999987e+01 1.455818499999999993e+01 1.360703999999999958e+01 7.213057499999999678e+00 1.142526299999999928e+01 1.015000500000000017e+01 1.156576799999999849e+01 8.452541000000000082e+00 9.760538999999999632e+00 7.206180999999999948e+00 5.645449600000000068e+00 8.785480499999998472e+00 5.327582399999999829e+00 7.937930999999999848e+00 5.060660999999999632e+00 9.247684999999999933e-01 4.998512299999999797e+00 3.532724400000000209e+00 4.228365000000000151e+00 3.198467700000000136e+00 1.325030200000000047e+00 1.692790900000000098e+00 1.438318699999999950e+00 2.547840000000000327e+00
4.442651299999999637e+00 3.014520599999999995e+00 4.152777000000000385e+00 4.174175700000000155e+00 6.094084999999999752e+00 4.823354000000000141e+00 5.640977000000000352e+00 4.224461999999999939e+00 8.888897999999999300e+00 1.522956899999999969e+01 2.040547400000000167e+01 1.267371750000000041e+01 8.951003000000000043e+00 8.491858500000001087e+00 4.416656500000000207e+00 1.716338500000000167e+01 1.245900100000000066e+01 7.584061599999999181e+00 7.786550000000000082e+00 9.329625999999999308e+00 1.286957499999999932e+01 1.209100300000000061e+01 1.620721800000000101e+01 1.155123900000000070e+01 1.292611600000000038e+01 2.244985799999999898e+01 2.808618400000000292e+01 5.994634200000000135e+01 1.186546859999999981e+02 2.052859599999999887e+02 1.310939199999999971e+02 3.600221599999999711e+01 2.378128799999999998e+01 2.354786700000000010e+01 1.964593100000000092e+01 1.713922499999999971e+01 1.317049199999999942e+01 1.213188300000000019e+01 8.722506499999999718e+00 1.152091399999999943e+01 1.076298300000000019e+01 1.094613900000000051e+01 7.885791000000000217e+00 1.216659800000000047e+01 6.584524000000000932e+00 6.929055700000000151e+00 1.026450600000000080e+01 9.609168999999999627e+00 9.865942999999999685e+00 5.144981400000000704e+00 2.811492400000000114e+00 5.394510299999999425e+00 4.998537500000000300e+00 7.359879999999999756e-01 4.933117400000000430e+00 1.599242000000000052e+00 5.520987500000000381e+00 1.410666200000000092e+00 1.797907600000000050e+00 7.077369700000000208e-01
4.355370999999999881e+00 1.379138799999999998e+00 2.968577400000000033e+00 4.774198499999999790e+00 3.485044000000000253e+00 4.413355000000000139e+00 2.867487699999999862e+00 6.442283999999999899e+00 8.472203000000000372e+00 1.181987699999999997e+01 2.015614000000000061e+01 1.304596699999999920e+01 1.074956099999999992e+01 1.133128800000000069e+01 9.381422000000000594e+00 8.265499000000000152e+00 7.916631699999999938e+00 4.819023999999999752e+00 1.068700600000000023e+01 9.247961999999999350e+00 1.000928000000000040e+01 1.251199000000000083e+01 1.006291399999999925e+01 1.426862200000000058e+01 1.689622699999999966e+01 1.878800800000000137e+01 2.424412999999999840e+01 3.594050000000000011e+01 6.574228999999999701e+01 1.310939199999999971e+02 1.727646000000000015e+02 1.179402199999999965e+02 4.799958000000000169e+01 2.900453999999999866e+01 2.103571000000000168e+01 2.178103000000000122e+01 1.506370399999999954e+01 1.271948049999999952e+01 7.981067999999999607e+00 1.203117750000000008e+01 1.420398900000000175e+01 1.251960799999999985e+01 8.017196000000000211e+00 1.391550349999999980e+01 1.107503799999999927e+01 1.268013200000000040e+01 1.320749099999999920e+01 6.803613000000000355e+00 6.770482000000000333e+00 5.043903400000000481e+00 3.215634300000000056e+00 1.762843399999999505e+00 1.905686400000000003e+00 8.417836400000000552e-01 4.836201700000000159e+00 2.438836300000000179e+00 1.262921899999999820e+00 2.151259200000000149e+00 1.370900199999999902e+00 1.618943100000000079e+00
4.946883000000000585e+00 9.398654999999999760e+00 6.069143300000000352e+00 2.323968199999999928e+00 6.597258599999999973e+00 3.759556499999999968e+00 4.071158999999999750e+00 6.402571000000000012e+00 7.698264999999999247e+00 2.119761799999999852e+01 1.626649700000000109e+01 1.728739500000000007e+01 1.162807800000000036e+01 9.805877999999999872e+00 9.016220000000000567e+00 8.214546999999999599e+00 7.792898700000001178e+00 1.423111500000000085e+01 5.394858000000000153e+00 8.887955999999999079e+00 1.270615100000000020e+01 8.975538000000000238e+00 7.218682000000000265e+00 1.440575499999999920e+01 1.055501650000000069e+01 1.351510999999999996e+01 1.445680699999999952e+01 2.826114500000000263e+01 2.826826500000000308e+01 3.600221599999999711e+01 1.179402199999999965e+02 1.709118499999999869e+02 1.011621200000000016e+02 2.964933800000000019e+01 3.149480800000000258e+01 1.917284799999999834e+01 2.154534100000000052e+01 1.313358099999999951e+01 1.303092900000000043e+01 1.691876600000000153e+01 1.667083200000000076e+01 1.486628200000000000e+01 1.195166099999999965e+01 1.081421899999999958e+01 1.559816099999999928e+01 1.440224599999999988e+01 1.389002600000000065e+01 2.437174399999999963e+01 7.689995299999999645e+00 7.638569000000000386e+00 9.130890999999999869e-01 6.006776999999999589e+00 2.164501700000000195e+00 1.912216099999999974e+00 4.577513699999999908e+00 2.077545000000000197e+00 2.151662799999999542e+00 3.665139400000000158e+00 0.000000000000000000e+00 2.758222799999999975e+00
8.649706000000000339e-01 3.286740500000000065e+00 2.122399300000000100e+00 8.126993000000000134e-01 3.460624500000000214e+00 3.944187599999999794e+00 4.271093000000000472e+00 4.797857800000000061e+00 8.749352999999999270e+00 1.111931500000000028e+01 2.275378800000000012e+01 8.636369999999999436e+00 2.439826300000000003e+00 3.214825900000000125e+00 3.439638400000000207e+00 2.462274799999999875e+00 3.773356999999999850e+00 1.148461799999999977e+00 2.829899300000000117e+00 3.390706000000000220e+00 2.104760200000000303e+00 3.138775299999999824e+00 6.310991999999999713e+00 6.297175000000000189e+00 6.040021000000000306e+00 1.044756199999999957e+01 1.516677900000000001e+01 1.581282400000000088e+01 2.629917299999999969e+01 2.378128799999999998e+01 4.799958000000000169e+01 1.011621200000000016e+02 1.874754499999999950e+02 1.579957399999999836e+02 7.633728999999999587e+01 4.087769699999999773e+01 2.792188499999999962e+01 3.169070999999999927e+01 2.199227700000000141e+01 2.252839499999999973e+01 2.425967400000000040e+01 1.898687699999999978e+01 2.865966999999999842e+01 2.356332400000000149e+01 1.583630800000000072e+01 1.888692299999999946e+01 1.282350349999999928e+01 1.683788299999999793e+01 8.067650000000000432e+00 8.013697999999999766e+00 4.789654000000000522e+00 3.150884200000000135e+00 3.406200199999999789e+00 0.000000000000000000e+00 2.881388700000000025e+00 1.453048499999999965e+00 1.504887199999999980e+00 3.204278200000000076e+00 2.450329800000000002e+00 9.645595599999999825e-01
6.048071000000000197e+00 2.553515200000000096e+00 3.847484600000000032e+00 1.894192700000000062e+00 1.613164800000000065e+00 1.021431699999999942e+00 3.981926699999999819e+00 2.236513899999999833e+00 5.751726999999999812e+00 5.759168599999999749e+00 1.080306200000000061e+01 6.709717499999999779e-01 4.264955000000000496e+00 1.498586200000000090e+00 4.008455299999999610e+00 9.564880999999999522e-01 1.954382899999999923e+00 4.461280999999999608e+00 3.847530400000000128e+00 1.317143699999999917e+00 2.725363300000000155e+00 4.267477999999999660e+00 4.412789000000000073e+00 9.784727999999999426e+00 6.647817999999999117e+00 6.957307300000000083e+00 9.538849000000000800e+00 1.382085700000000017e+01 1.217237399999999958e+01 2.354786700000000010e+01 2.900453999999999866e+01 2.964933800000000019e+01 1.579957399999999836e+02 2.067555499999999995e+02 1.491539899999999932e+02 5.897999599999999276e+01 3.512185000000000201e+01 2.836762800000000340e+01 2.632184600000000074e+01 2.545836800000000011e+01 2.542245700000000141e+01 2.950234400000000079e+01 1.994671599999999856e+01 2.779902999999999835e+01 1.927540600000000026e+01 1.662998599999999882e+01 2.445404999999999873e+01 1.598860799999999927e+01 9.924129499999999382e+00 3.891221799999999842e+00 5.209609500000000004e+00 1.631977599999999917e+00 4.410541499999999893e+00 3.117173200000000310e+00 2.238591399999999787e+00 3.386681799999999853e+00 2.922920200000000079e+00 3.983118300000000112e+00 2.538261199999999995e+00 1.498759899999999812e+00
1.550746899999999817e+00 1.473143300000000044e+00 6.341841999999999757e-01 1.457033199999999917e+00 1.861295300000000097e+00 2.946360600000000218e+00 2.297205400000000175e+00 8.601752000000000287e-01 5.429809999999999803e+00 7.309522999999998660e+00 7.365532000000000856e+00 3.096711600000000342e+00 6.014522599999999386e+00 1.729092700000000038e+00 5.395856400000000441e+00 1.103611200000000014e+00 1.127499100000000087e+00 3.088498400000000199e+00 3.170958499999999791e+00 3.039482800000000040e+00 1.886740599999999990e+00 4.220472299999999954e+00 2.828637000000000068e+00 5.644887400000000000e+00 3.158383000000000163e+00 6.020589400000000424e+00 5.179330300000000165e+00 1.122176900000000010e+01 1.805744599999999878e+01 1.964593100000000092e+01 2.103571000000000168e+01 3.149480800000000258e+01 7.633728999999999587e+01 1.491539899999999932e+02 2.144819799999999930e+02 1.512267999999999972e+02 6.019028000000000134e+01 3.890669000000000466e+01 3.196901899999999941e+01 2.876230800000000087e+01 1.567789600000000050e+01 2.005944799999999972e+01 1.873301000000000016e+01 2.112253799999999870e+01 1.656190499999999943e+01 1.975229600000000119e+01 1.619777099999999947e+01 1.621180199999999871e+01 1.446393999999999913e+01 8.081557000000000102e+00 3.434817600000000137e+00 3.766003599999999896e+00 3.053371999999999975e+00 6.294127500000000097e+00 3.443896800000000091e+00 4.558875600000000361e+00 2.698009700000000066e+00 3.446839000000000208e+00 0.000000000000000000e+00 2.593939799999999796e+00
4.415652300000000530e+00 0.000000000000000000e+00 1.444639000000000006e+00 8.297617000000000465e-01 2.119967500000000005e+00 1.342331500000000011e+00 0.000000000000000000e+00 2.939152200000000104e+00 2.748628599999999977e+00 6.811657400000000528e+00 8.389152000000001053e+00 7.054149999999999920e+00 3.736574599999999968e+00 1.969392199999999926e+00 0.000000000000000000e+00 6.284924000000000177e+00 1.284192400000000012e+00 2.345146699999999917e+00 5.056296299999999633e+00 0.000000000000000000e+00 7.163163399999999958e-01 1.602336500000000052e+00 4.510442299999999349e+00 5.143505600000000122e+00 2.055609700000000206e+00 6.857296500000000350e+00 1.327302899999999930e+01 1.143590599999999924e+01 1.828174800000000033e+01 1.713922499999999971e+01 2.178103000000000122e+01 1.917284799999999834e+01 4.087769699999999773e+01 5.897999599999999276e+01 1.512267999999999972e+02 1.550191000000000088e+02 1.534007100000000037e+02 6.330530999999999864e+01 4.430113200000000262e+01 3.206251999999999924e+01 3.225730000000000075e+01 2.977058999999999855e+01 2.682292400000000043e+01 2.762218000000000018e+01 2.209734200000000115e+01 2.314013900000000135e+01 1.963909299999999902e+01 1.910154299999999949e+01 4.804933000000000121e+00 8.181942999999998634e+00 2.934126599999999918e+00 7.506417299999999848e+00 2.318474800000000169e+00 4.096485000000000376e+00 2.941882600000000014e+00 4.450664499999999357e+00 2.304722799999999960e+00 2.617240700000000420e+00 1.667849199999999810e+00 1.969620499999999996e+00
9.048454999999999693e-01 8.595645400000000436e-01 2.220241000000000131e+00 1.700328999999999979e+00 2.172094799999999548e+00 1.375337699999999996e+00 8.935976999999999393e-01 1.003807399999999905e+00 4.224320999999999771e+00 5.428225499999999926e+00 5.289495500000000128e+00 1.084140400000000071e+01 7.018828999999999319e+00 2.017816999999999972e+00 1.799102200000000096e+00 1.287892500000000107e+00 1.973653700000000066e+00 1.201405399999999846e+00 3.700445999999999902e+00 2.660262299999999858e+00 3.669648200000000582e+00 5.746075599999999284e+00 3.300963200000000430e+00 5.269977599999999818e+00 5.265386000000000344e+00 3.903282400000000152e+00 8.310741000000000156e+00 1.171710099999999954e+01 1.229239749999999987e+01 1.317049199999999942e+01 1.506370399999999954e+01 2.154534100000000052e+01 2.792188499999999962e+01 3.512185000000000201e+01 6.019028000000000134e+01 1.534007100000000037e+02 2.162862399999999923e+02 1.131479899999999930e+02 6.404404399999999953e+01 4.641974299999999687e+01 3.305047000000000423e+01 2.766515700000000066e+01 2.873166700000000162e+01 2.556252999999999886e+01 2.153626300000000171e+01 1.712325700000000239e+01 1.768296400000000190e+01 1.891884999999999906e+01 1.336264500000000055e+01 1.571836200000000083e+01 4.008364000000000260e+00 6.592277499999999790e+00 5.938708000000000098e+00 4.197212699999999685e+00 1.004739899999999908e+00 2.280050300000000085e+00 7.871309499999999959e-01 2.681595300000000126e+00 2.563289200000000267e+00 3.027076200000000217e+00
2.813029999999999919e+00 1.781505600000000022e+00 3.834666499999999978e+00 8.810116599999999742e-01 2.250906700000000260e+00 2.137860299999999825e+00 9.260208599999999457e-01 1.040229300000000023e+00 4.377595000000000347e+00 7.232376999999999612e+00 9.592482000000000397e+00 5.617385400000000750e+00 5.951043999999999556e+00 1.394020700000000001e+00 3.728760999999999992e+00 2.669243999999999950e+00 6.817550999999999917e+00 1.244996999999999909e+00 3.067769499999999816e+00 2.756786799999999982e+00 1.521118799999999993e+00 2.551956399999999903e+00 5.473175499999999971e+00 6.826490400000000847e+00 8.730294999999999916e+00 8.089816600000000468e-01 7.046416800000000258e+00 1.142799199999999971e+01 1.455818499999999993e+01 1.213188300000000019e+01 1.271948049999999952e+01 1.313358099999999951e+01 3.169070999999999927e+01 2.836762800000000340e+01 3.890669000000000466e+01 6.330530999999999864e+01 1.131479899999999930e+02 1.926839799999999912e+02 1.481999500000000012e+02 5.698476800000000253e+01 4.464688000000000301e+01 4.190077999999999747e+01 2.394878200000000135e+01 2.270574600000000132e+01 1.888419000000000025e+01 1.706207000000000207e+01 2.211586000000000141e+01 1.352089600000000047e+01 1.020341600000000071e+01 4.343649000000000093e+00 4.153802999999999912e+00 6.831470500000000001e+00 4.923349400000000209e+00 5.436879000000000239e+00 6.247174000000000227e+00 1.575186100000000033e+00 5.709837400000000507e+00 1.389446899999999818e+00 8.854316500000000145e-01 5.228183300000000422e+00
3.235992200000000096e+00 2.305540800000000168e+00 1.985057999999999989e+00 2.280327600000000121e+00 3.884023399999999793e+00 4.303783999999999388e+00 3.994708800000000171e+00 7.179817999999999145e+00 1.258950599999999920e+00 7.626505400000000101e+00 5.320345400000000780e+00 5.654254400000000125e+00 6.845832300000000536e+00 2.405434599999999978e+00 4.825587000000000515e+00 6.908820000000000405e+00 2.940984500000000335e+00 6.444866000000000206e+00 3.970162999999999887e+00 5.549761300000000119e+00 5.249494000000000327e+00 7.339160000000000572e+00 5.902605000000000324e+00 7.656586599999999798e+00 5.178405000000000591e+00 6.979639999999999844e+00 8.105902999999999636e+00 9.243480999999999170e+00 1.360703999999999958e+01 8.722506499999999718e+00 7.981067999999999607e+00 1.303092900000000043e+01 2.199227700000000141e+01 2.632184600000000074e+01 3.196901899999999941e+01 4.430113200000000262e+01 6.404404399999999953e+01 1.481999500000000012e+02 1.690005800000000136e+02 1.072683700000000044e+02 5.276702499999999674e+01 3.234534500000000179e+01 3.629856000000000193e+01 2.775222399999999823e+01 1.826755999999999958e+01 2.002004200000000012e+01 1.526469600000000071e+01 1.399848599999999799e+01 1.509117799999999932e+01 1.030580100000000066e+01 3.583770799999999923e+00 3.929319000000000894e+00 3.185783400000000043e+00 3.752615200000000151e+00 7.186487700000000700e+00 4.077063599999999788e+00 4.926268599999999331e+00 1.198771199999999926e+00 1.527845300000000073e+00 2.706427600000000044e+00
9.291701999999999462e-01 8.826719999999999011e-01 2.279927300000000212e+00 8.730191999999998842e-01 1.486991200000000068e+00 1.412310600000000083e+00 4.588100400000000079e+00 3.092377700000000118e+00 5.060862499999999820e+00 3.185229300000000041e+00 1.357922899999999933e+00 5.566425299999999687e+00 3.276142800000000133e+00 1.381374399999999891e+00 9.237335300000000249e-01 1.322514500000000037e+00 4.053422000000000303e+00 4.934809999999999697e+00 3.799924100000000138e+00 6.374147999999999925e+00 5.275617600000000351e+00 5.057610999999999635e+00 2.711761700000000275e+00 6.088105699999999842e+00 7.569708300000000278e+00 1.202464100000000080e+01 6.982492399999999932e+00 7.785469499999999599e+00 7.213057499999999678e+00 1.152091399999999943e+01 1.203117750000000008e+01 1.691876600000000153e+01 2.252839499999999973e+01 2.545836800000000011e+01 2.876230800000000087e+01 3.206251999999999924e+01 4.641974299999999687e+01 5.698476800000000253e+01 1.072683700000000044e+02 1.635366500000000087e+02 1.266650300000000016e+02 6.264520999999999873e+01 3.848354700000000150e+01 3.749960300000000046e+01 1.984698900000000066e+01 1.284953800000000079e+01 2.066292999999999935e+01 1.272832400000000064e+01 1.661068500000000014e+01 1.291273200000000010e+01 9.261270500000000183e+00 6.769496400000000413e+00 6.098356700000000075e+00 8.620090499999999878e+00 2.063500200000000007e+00 3.902240500000000001e+00 4.041456000000000159e+00 2.065263000000000293e+00 8.773991500000000165e-01 2.072301599999999855e+00
3.071534999999999904e+00 7.294568000000000163e-01 6.280583000000000027e+00 1.442959099999999939e+00 5.529948700000000272e+00 1.167160200000000092e+00 2.275015600000000138e+00 1.703732700000000211e+00 3.584907499999999914e+00 5.264667000000000208e+00 9.538812000000000069e+00 7.666997999999998648e+00 8.122398000000000451e+00 2.283187600000000206e+00 2.290172300000000050e+00 4.371803800000000351e+00 2.791519999999999779e+00 3.058664999999999967e+00 4.396460499999999882e+00 2.257592400000000055e+00 6.851224400000000436e+00 8.359408999999999423e+00 5.042365000000000208e+00 6.708433599999999331e+00 5.362071000000000254e+00 3.312463300000000110e+00 9.617438999999999183e+00 1.286811699999999981e+01 1.142526299999999928e+01 1.076298300000000019e+01 1.420398900000000175e+01 1.667083200000000076e+01 2.425967400000000040e+01 2.542245700000000141e+01 1.567789600000000050e+01 3.225730000000000075e+01 3.305047000000000423e+01 4.464688000000000301e+01 5.276702499999999674e+01 1.266650300000000016e+02 1.918268600000000106e+02 1.089602799999999974e+02 5.300588199999999262e+01 4.880984999999999729e+01 2.952346599999999910e+01 2.570939999999999870e+01 2.121592700000000065e+01 1.716245999999999938e+01 1.372738400000000070e+01 7.114217000000000013e+00 6.803278399999999948e+00 6.526845999999999925e+00 7.055715600000000087e+00 8.014281000000000432e+00 5.968604000000000021e+00 1.934931200000000073e+00 4.007922600000000557e+00 3.413544700000000098e+00 7.250991999999999438e-01 8.562946000000000168e-01
2.768826499999999857e+00 1.753511200000000159e+00 3.774408799999999786e+00 2.601502700000000168e+00 2.215536000000000172e+00 1.402844200000000097e+00 3.645877800000000057e+00 2.047766699999999940e+00 2.872537400000000130e+00 7.909697999999999674e+00 7.418514999999999304e+00 5.529114700000000049e+00 7.159203500000000275e+00 1.372115100000000476e+00 3.670167399999999969e+00 5.254599599999999704e+00 3.355210299999999535e+00 2.450866500000000059e+00 7.548907400000000045e-01 2.713467000000000073e+00 3.743040000000000145e+00 5.023710299999999407e+00 4.040377999999999581e+00 6.719219700000000017e+00 6.981900699999999738e+00 7.166424799999998818e+00 1.001821900000000021e+01 1.124841400000000036e+01 1.015000500000000017e+01 1.094613900000000051e+01 1.251960799999999985e+01 1.486628200000000000e+01 1.898687699999999978e+01 2.950234400000000079e+01 2.005944799999999972e+01 2.977058999999999855e+01 2.766515700000000066e+01 4.190077999999999747e+01 3.234534500000000179e+01 6.264520999999999873e+01 1.089602799999999974e+02 1.953585199999999986e+02 1.261444800000000015e+02 6.611565000000000225e+01 3.492186699999999888e+01 2.754209300000000127e+01 2.487809599999999932e+01 1.730095899999999887e+01 1.004307999999999979e+01 1.710157399999999939e+01 1.124345899999999965e+01 2.241373799999999861e+00 4.845984500000000139e+00 5.351444700000000054e+00 5.124171999999999727e+00 2.325650700000000182e+00 1.605746700000000082e+00 2.051419999999999799e+00 4.357590000000000074e+00 5.146028500000000783e+00
8.126600400000000279e-01 1.543984699999999988e+00 2.658724799999999888e+00 2.290649999999999853e+00 3.251337299999999875e+00 1.852828099999999978e+00 1.605116500000000057e+00 0.000000000000000000e+00 6.955571700000000135e+00 4.875199299999999347e+00 6.532079000000000413e+00 3.245627999999999957e+00 4.011479000000000461e+00 1.812242300000000084e+00 1.615810200000000085e+00 1.156682299999999941e+00 2.363437999999999928e+00 4.316025999999999918e+00 3.323445599999999889e+00 0.000000000000000000e+00 5.932413600000000287e+00 5.160667000000000115e+00 4.150526999999999411e+00 4.141439400000000326e+00 3.310265300000000188e+00 4.206741000000000064e+00 9.499694999999999112e+00 1.238043000000000049e+01 1.156576799999999849e+01 7.885791000000000217e+00 8.017196000000000211e+00 1.195166099999999965e+01 2.865966999999999842e+01 1.994671599999999856e+01 1.873301000000000016e+01 2.682292400000000043e+01 2.873166700000000162e+01 2.394878200000000135e+01 3.629856000000000193e+01 3.848354700000000150e+01 5.300588199999999262e+01 1.261444800000000015e+02 1.817533899999999960e+02 1.451288000000000125e+02 5.852241500000000229e+01 5.086815299999999951e+01 3.231049300000000102e+01 3.105325500000000005e+01 1.894936200000000071e+01 9.411319999999999908e+00 6.299987999999999921e+00 1.085454000000000008e+01 4.266938999999999815e+00 7.539203599999999561e+00 2.707131899999999813e+00 4.095518600000000120e+00 3.534691299999999980e+00 6.020988000000000007e+00 5.371664499999999620e+00 3.624904900000000207e+00
3.563469200000000114e+00 1.128381099999999915e+00 0.000000000000000000e+00 2.232082600000000028e+00 3.801848999999999812e+00 2.708182799999999890e+00 3.519173100000000165e+00 3.953201799999999988e+00 9.242361999999999522e-01 6.107851000000000141e+00 3.471855000000000135e+00 0.000000000000000000e+00 5.025746299999999778e+00 7.063627999999999574e+00 2.361745800000000006e+00 0.000000000000000000e+00 8.636285999999999685e-01 0.000000000000000000e+00 1.943083200000000010e+00 0.000000000000000000e+00 2.890366999999999909e+00 6.465496500000000424e+00 8.666584999999998873e-01 4.323805300000000074e+00 6.912061000000000455e+00 2.049591500000000011e+00 5.950804699999999947e+00 3.619166599999999789e+00 8.452541000000000082e+00 1.216659800000000047e+01 1.391550349999999980e+01 1.081421899999999958e+01 2.356332400000000149e+01 2.779902999999999835e+01 2.112253799999999870e+01 2.762218000000000018e+01 2.556252999999999886e+01 2.270574600000000132e+01 2.775222399999999823e+01 3.749960300000000046e+01 4.880984999999999729e+01 6.611565000000000225e+01 1.451288000000000125e+02 2.265087399999999889e+02 1.217845899999999943e+02 5.706033299999999286e+01 4.402476999999999663e+01 3.768137700000000478e+01 2.123459599999999980e+01 9.629227000000000203e+00 3.946442400000000017e+00 4.326959600000000350e+00 3.118381700000000478e+00 5.509831400000000379e+00 6.594789999999999708e+00 1.995402499999999968e+00 5.166475000000000151e+00 2.640169600000000116e+00 2.243281000000000081e+00 2.649167499999999897e+00
0.000000000000000000e+00 1.365040999999999949e+00 1.175292800000000026e+00 2.025169800000000020e+00 1.149806499999999954e+00 4.368241000000000263e+00 1.419087899999999847e+00 7.970538000000000345e-01 4.472319999999999851e+00 6.157396000000000313e+00 7.350036999999998599e+00 6.456304599999999283e+00 2.026605399999999779e+00 5.340694999999999748e-01 2.857084299999999910e+00 0.000000000000000000e+00 2.611902200000000285e+00 1.907905299999999915e+00 2.938267200000000301e+00 3.520549500000000442e+00 5.244862999999999609e+00 4.562559600000000160e+00 1.572639499999999968e+00 2.092261800000000171e+00 6.689404500000000198e+00 3.099325700000000072e+00 2.999537699999999862e+00 4.925507500000000149e+00 9.760538999999999632e+00 6.584524000000000932e+00 1.107503799999999927e+01 1.559816099999999928e+01 1.583630800000000072e+01 1.927540600000000026e+01 1.656190499999999943e+01 2.209734200000000115e+01 2.153626300000000171e+01 1.888419000000000025e+01 1.826755999999999958e+01 1.984698900000000066e+01 2.952346599999999910e+01 3.492186699999999888e+01 5.852241500000000229e+01 1.217845899999999943e+02 1.968744199999999864e+02 1.741383800000000122e+02 8.811821999999999377e+01 5.283651400000000109e+01 2.010381900000000144e+01 1.164880299999999913e+01 9.548291000000000750e+00 7.851704999999999934e+00 1.131723799999999969e+01 4.999073000000000100e+00 3.191177000000000152e+00 3.620859400000000061e+00 3.125030300000000150e+00 3.193903200000000275e+00 3.392216700000000085e+00 2.403591200000000150e+00
0.000000000000000000e+00 8.139973999999999821e-01 1.401694699999999960e+00 8.050956999999999697e-01 6.856493399999999960e-01 1.302428499999999989e+00 2.538679399999999919e+00 9.505936999999999859e-01 2.000190700000000099e+00 4.406113000000000390e+00 5.009089499999999973e+00 2.566670199999999902e+00 3.625498799999999910e+00 4.458647000000000027e+00 4.259320999999999913e+00 1.219618799999999892e+00 3.115044399999999936e+00 1.137716699999999914e+00 4.205133999999999261e+00 4.198728000000000016e+00 4.865158600000000000e+00 3.886760999999999910e+00 5.001557000000000031e+00 3.119129000000000040e+00 4.986258499999999927e+00 2.957089700000000043e+00 7.870173999999999559e+00 1.044325300000000034e+01 7.206180999999999948e+00 6.929055700000000151e+00 1.268013200000000040e+01 1.440224599999999988e+01 1.888692299999999946e+01 1.662998599999999882e+01 1.975229600000000119e+01 2.314013900000000135e+01 1.712325700000000239e+01 1.706207000000000207e+01 2.002004200000000012e+01 1.284953800000000079e+01 2.570939999999999870e+01 2.754209300000000127e+01 5.086815299999999951e+01 5.706033299999999286e+01 1.741383800000000122e+02 1.671445999999999970e+02 1.512874500000000069e+02 6.177906000000000120e+01 2.530853300000000061e+01 1.488510199999999983e+01 1.328555700000000073e+01 3.121404399999999857e+00 1.237254899999999935e+01 3.974710500000000923e+00 8.563290999999999542e+00 5.757814999999999905e+00 0.000000000000000000e+00 5.713737499999999692e+00 4.854809000000000374e+00 4.777675599999999356e+00
1.586693300000000084e+00 7.536454000000000208e-01 1.946653699999999931e+00 7.454036499999999732e-01 1.269626899999999781e+00 1.205862899999999849e+00 3.133939699999999995e+00 1.760228200000000021e+00 1.851891200000000071e+00 6.119148000000000032e+00 7.536265400000001335e+00 3.960617000000000054e+00 4.475592599999999699e+00 1.769173099999999943e+00 7.887046999999999253e-01 1.129192999999999891e+00 1.730451799999999984e+00 0.000000000000000000e+00 2.595569400000000027e+00 3.109938399999999881e+00 3.217458700000000338e+00 2.159151599999999949e+00 4.051886599999999561e+00 4.043015500000000095e+00 1.846625399999999972e+00 6.160146700000000308e+00 4.636963999999999864e+00 6.647410999999999959e+00 5.645449600000000068e+00 1.026450600000000080e+01 1.320749099999999920e+01 1.389002600000000065e+01 1.282350349999999928e+01 2.445404999999999873e+01 1.619777099999999947e+01 1.963909299999999902e+01 1.768296400000000190e+01 2.211586000000000141e+01 1.526469600000000071e+01 2.066292999999999935e+01 2.121592700000000065e+01 2.487809599999999932e+01 3.231049300000000102e+01 4.402476999999999663e+01 8.811821999999999377e+01 1.512874500000000069e+02 2.074327700000000050e+02 1.429964799999999912e+02 2.836516200000000154e+01 1.470024599999999992e+01 2.108661999999999992e+01 1.059657499999999963e+01 9.372448000000000334e+00 4.600018500000000010e+00 4.404658300000000359e+00 3.998186000000000018e+00 6.211237000000000563e+00 3.526736999999999789e+00 2.996573399999999943e+00 8.846891000000000060e-01
2.546384300000000156e+00 0.000000000000000000e+00 6.942360400000000542e-01 1.595001899999999750e+00 3.395907199999999904e+00 6.450711500000000376e-01 0.000000000000000000e+00 7.533011999999999375e+00 1.320881600000000100e+00 8.001673000000000258e+00 1.302482200000000034e+01 8.474860000000001392e+00 1.795649199999999945e+00 1.892823099999999981e+00 4.219141500000000100e+00 1.208113800000000015e+00 1.234263700000000075e+00 0.000000000000000000e+00 3.471221400000000123e+00 6.654592500000000577e+00 2.065399000000000207e+00 2.310057599999999933e+00 1.238593899999999914e+00 4.943528700000000775e+00 9.878443500000000377e-01 4.393792000000000364e+00 6.378490000000000215e+00 9.051645000000000607e+00 8.785480499999998472e+00 9.609168999999999627e+00 6.803613000000000355e+00 2.437174399999999963e+01 1.683788299999999793e+01 1.598860799999999927e+01 1.621180199999999871e+01 1.910154299999999949e+01 1.891884999999999906e+01 1.352089600000000047e+01 1.399848599999999799e+01 1.272832400000000064e+01 1.716245999999999938e+01 1.730095899999999887e+01 3.105325500000000005e+01 3.768137700000000478e+01 5.283651400000000109e+01 6.177906000000000120e+01 1.429964799999999912e+02 1.878725699999999961e+02 8.246641499999999780e+01 3.145533199999999852e+01 1.128019699999999936e+01 1.442914299999999983e+01 8.913335000000000008e+00 1.574886399999999931e+01 4.712505999999999418e+00 4.277624600000000221e+00 5.906976700000000413e+00 4.402096299999999296e+00 1.603004000000000095e+00 5.679127699999999557e+00
2.745149599999999968e+00 1.738516600000000079e+00 3.742133100000000212e+00 1.719504499999999769e+00 3.660984500000000086e+00 6.954240999999999895e-01 9.036752999999999592e-01 4.060511599999999888e+00 5.695947599999999333e+00 6.273648699999999856e+00 7.355077999999999783e+00 9.136390000000000455e+00 3.871627600000000058e+00 4.761337000000000153e+00 4.548479000000000383e+00 6.512083500000000136e+00 5.987734999999999808e+00 1.214954400000000101e+00 3.742177700000000051e+00 2.690263499999999919e+00 5.195445499999999939e+00 4.150626700000000113e+00 4.005828000000000166e+00 1.998528800000000105e+00 4.259814000000000433e+00 1.578920700000000066e+00 8.404467000000000354e+00 7.667155700000000351e+00 5.327582399999999829e+00 9.865942999999999685e+00 6.770482000000000333e+00 7.689995299999999645e+00 8.067650000000000432e+00 9.924129499999999382e+00 1.446393999999999913e+01 4.804933000000000121e+00 1.336264500000000055e+01 1.020341600000000071e+01 1.509117799999999932e+01 1.661068500000000014e+01 1.372738400000000070e+01 1.004307999999999979e+01 1.894936200000000071e+01 2.123459599999999980e+01 2.010381900000000144e+01 2.530853300000000061e+01 2.836516200000000154e+01 8.246641499999999780e+01 2.012777000000000100e+02 1.027917199999999980e+02 4.053568599999999833e+01 2.222207500000000024e+01 1.321250000000000036e+01 1.910046000000000177e+01 1.727320499999999726e+01 7.685878800000000233e+00 7.164070599999998734e+00 6.779592999999999314e+00 9.504721999999999227e+00 7.142833000000000432e+00
2.726791600000000315e+00 1.295167799999999980e+00 4.460529300000000141e+00 5.124016000000000126e+00 1.090950499999999934e+00 3.108480699999999874e+00 5.385792299999999422e+00 3.025017700000000254e+00 5.304240000000000066e+00 4.673770400000000436e+00 3.985031600000000118e+00 4.083880999999999872e+00 2.884302100000000202e+00 2.026926800000000028e+00 5.421673300000000140e+00 3.881120399999999915e+00 2.973845999999999989e+00 3.620488200000000933e+00 6.690873599999998866e+00 5.344545000000000101e+00 2.211729000000000056e+00 3.710582300000000000e+00 4.973798799999999964e+00 7.940654799999999902e+00 2.380120999999999931e+00 9.410171000000000063e+00 1.024559400000000053e+01 5.192647000000000013e+00 7.937930999999999848e+00 5.144981400000000704e+00 5.043903400000000481e+00 7.638569000000000386e+00 8.013697999999999766e+00 3.891221799999999842e+00 8.081557000000000102e+00 8.181942999999998634e+00 1.571836200000000083e+01 4.343649000000000093e+00 1.030580100000000066e+01 1.291273200000000010e+01 7.114217000000000013e+00 1.710157399999999939e+01 9.411319999999999908e+00 9.629227000000000203e+00 1.164880299999999913e+01 1.488510199999999983e+01 1.470024599999999992e+01 3.145533199999999852e+01 1.027917199999999980e+02 1.389460600000000170e+02 8.757551600000000747e+01 5.297631499999999960e+01 3.937242499999999978e+01 2.687802999999999898e+01 1.968087999999999838e+01 2.061309400000000025e+01 1.423232299999999917e+01 9.091243999999999659e+00 5.149723000000000717e+00 9.122227999999999781e+00
1.303806399999999810e+00 3.715681000000000012e+00 4.265575000000000117e+00 0.000000000000000000e+00 4.173074999999999868e+00 2.972619499999999970e+00 3.862798000000000176e+00 2.892804400000000165e+00 4.057927600000000190e+00 5.586869700000000272e+00 3.810859400000000008e+00 6.508980300000000163e+00 1.838826099999999908e+00 3.876673199999999930e+00 9.073242999999999725e+00 3.711489700000000003e+00 3.791825799999999802e+00 5.193373000000000239e+00 5.332031699999999930e+00 3.833214799999999922e+00 4.230123999999999995e+00 1.182801800000000014e+00 1.902564399999999933e+00 5.695196599999999165e+00 7.586979999999999835e-01 5.624302400000000368e+00 2.177287600000000101e+00 2.979416399999999854e+00 5.060660999999999632e+00 2.811492400000000114e+00 3.215634300000000056e+00 9.130890999999999869e-01 4.789654000000000522e+00 5.209609500000000004e+00 3.434817600000000137e+00 2.934126599999999918e+00 4.008364000000000260e+00 4.153802999999999912e+00 3.583770799999999923e+00 9.261270500000000183e+00 6.803278399999999948e+00 1.124345899999999965e+01 6.299987999999999921e+00 3.946442400000000017e+00 9.548291000000000750e+00 1.328555700000000073e+01 2.108661999999999992e+01 1.128019699999999936e+01 4.053568599999999833e+01 8.757551600000000747e+01 2.021500699999999995e+02 9.815549500000000194e+01 3.594015499999999719e+01 1.663153599999999699e+01 2.316393300000000011e+01 1.752192499999999953e+01 1.474446599999999918e+01 1.062587300000000035e+01 1.600509999999999877e+01 1.308528800000000025e+01
2.859039500000000178e+00 6.789913700000000496e+00 4.676862700000000039e+00 2.686263999999999985e+00 1.143861000000000017e+00 1.086413400000000085e+00 7.058749999999999858e+00 1.585864800000000185e+00 2.224597200000000274e+00 2.450222999999999818e+00 6.267455599999999905e+00 4.281946999999999726e+00 5.040315599999999563e+00 4.250462999999999880e+00 4.263466400000000434e+00 2.034676300000000104e+00 4.157434499999999922e+00 3.796079900000000062e+00 5.846148000000000344e+00 8.405628999999999351e+00 1.159498499999999988e+00 2.593695900000000165e+00 4.172020400000000073e+00 1.040721500000000077e+00 7.486666699999999786e+00 2.466639799999999827e+00 4.774444599999999816e+00 2.177795000000000147e+00 9.247684999999999933e-01 5.394510299999999425e+00 1.762843399999999505e+00 6.006776999999999589e+00 3.150884200000000135e+00 1.631977599999999917e+00 3.766003599999999896e+00 7.506417299999999848e+00 6.592277499999999790e+00 6.831470500000000001e+00 3.929319000000000894e+00 6.769496400000000413e+00 6.526845999999999925e+00 2.241373799999999861e+00 1.085454000000000008e+01 4.326959600000000350e+00 7.851704999999999934e+00 3.121404399999999857e+00 1.059657499999999963e+01 1.442914299999999983e+01 2.222207500000000024e+01 5.297631499999999960e+01 9.815549500000000194e+01 2.221825599999999952e+02 7.505812000000000239e+01 5.967868399999999696e+01 3.650877400000000250e+01 3.001780499999999918e+01 1.492258299999999949e+01 1.588693999999999917e+01 1.889818599999999904e+01 4.782325300000000112e+00
0.000000000000000000e+00 2.936040000000000205e+00 7.583742599999999001e+00 4.355897399999999919e+00 0.000000000000000000e+00 2.348890799999999945e+00 1.526143999999999945e+00 3.428734500000000018e+00 2.404856200000000221e+00 3.973146400000000078e+00 1.129217899999999775e+00 0.000000000000000000e+00 3.269239200000000345e+00 2.297438899999999951e+00 0.000000000000000000e+00 4.399091999999999558e+00 5.617888999999999911e+00 6.155514000000000152e+00 6.319861000000000395e+00 4.543368300000000026e+00 1.253452500000000081e+00 1.401931399999999828e+00 2.255039500000000086e+00 6.750306599999999158e+00 3.597027000000000196e+00 7.999533999999999700e+00 5.161317299999999442e+00 4.708523000000000458e+00 4.998512299999999797e+00 4.998537500000000300e+00 1.905686400000000003e+00 2.164501700000000195e+00 3.406200199999999789e+00 4.410541499999999893e+00 3.053371999999999975e+00 2.318474800000000169e+00 5.938708000000000098e+00 4.923349400000000209e+00 3.185783400000000043e+00 6.098356700000000075e+00 7.055715600000000087e+00 4.845984500000000139e+00 4.266938999999999815e+00 3.118381700000000478e+00 1.131723799999999969e+01 1.237254899999999935e+01 9.372448000000000334e+00 8.913335000000000008e+00 1.321250000000000036e+01 3.937242499999999978e+01 3.594015499999999719e+01 7.505812000000000239e+01 2.637052299999999718e+02 1.093161400000000043e+02 4.804687500000000000e+01 2.336410300000000007e+01 1.882038500000000170e+01 2.404395999999999844e+01 1.167400300000000080e+01 1.895606799999999836e+01
1.365233399999999930e+00 2.593826799999999544e+00 3.349905999999999828e+00 6.413653000000000048e+00 1.092420899999999806e+00 5.187783699999999776e+00 0.000000000000000000e+00 1.514547499999999935e+00 4.249111000000000082e+00 2.340034999999999865e+00 2.992802100000000021e+00 2.726256799999999814e+00 9.627299000000000273e-01 7.103805000000000369e+00 6.786226299999999156e+00 1.943175700000000061e+00 3.970472299999999954e+00 0.000000000000000000e+00 4.466594699999999918e+00 6.689685300000000723e+00 4.429420499999999983e+00 3.715583599999999986e+00 3.984402000000000221e+00 6.957437500000000163e+00 1.588886000000000021e+00 4.711426699999999634e+00 2.279867400000000099e+00 4.159716599999999431e+00 3.532724400000000209e+00 7.359879999999999756e-01 8.417836400000000552e-01 1.912216099999999974e+00 0.000000000000000000e+00 3.117173200000000310e+00 6.294127500000000097e+00 4.096485000000000376e+00 4.197212699999999685e+00 5.436879000000000239e+00 3.752615200000000151e+00 8.620090499999999878e+00 8.014281000000000432e+00 5.351444700000000054e+00 7.539203599999999561e+00 5.509831400000000379e+00 4.999073000000000100e+00 3.974710500000000923e+00 4.600018500000000010e+00 1.574886399999999931e+01 1.910046000000000177e+01 2.687802999999999898e+01 1.663153599999999699e+01 5.967868399999999696e+01 1.093161400000000043e+02 2.438115099999999984e+02 7.276581000000000188e+01 3.898832300000000117e+01 2.612775999999999854e+01 1.618399400000000199e+01 1.031332800000000027e+01 1.370178300000000071e+01
2.614505499999999927e+00 0.000000000000000000e+00 6.415275000000000283e+00 3.684761299999999906e+00 1.046026499999999970e+00 2.980477000000000043e+00 5.164011499999999977e+00 1.450225600000000226e+00 3.051490499999999884e+00 2.240654999999999841e+00 3.820932899999999854e+00 0.000000000000000000e+00 3.687373399999999801e+00 4.858650700000000100e+00 2.599207600000000173e+00 0.000000000000000000e+00 2.851386500000000268e+00 0.000000000000000000e+00 4.276901000000000508e+00 3.843347000000000069e+00 1.060326300000000055e+00 8.301497999999998711e+00 9.537967400000000318e-01 3.806833999999999829e+00 2.282110499999999931e+00 3.383501499999999940e+00 5.457607000000000319e+00 4.978819999999999801e+00 4.228365000000000151e+00 4.933117400000000430e+00 4.836201700000000159e+00 4.577513699999999908e+00 2.881388700000000025e+00 2.238591399999999787e+00 3.443896800000000091e+00 2.941882600000000014e+00 1.004739899999999908e+00 6.247174000000000227e+00 7.186487700000000700e+00 2.063500200000000007e+00 5.968604000000000021e+00 5.124171999999999727e+00 2.707131899999999813e+00 6.594789999999999708e+00 3.191177000000000152e+00 8.563290999999999542e+00 4.404658300000000359e+00 4.712505999999999418e+00 1.727320499999999726e+01 1.968087999999999838e+01 2.316393300000000011e+01 3.650877400000000250e+01 4.804687500000000000e+01 7.276581000000000188e+01 1.480604100000000187e+02 8.454716500000000678e+01 3.070406699999999844e+01 3.680459199999999953e+01 2.221948400000000134e+01 1.895093299999999914e+01
0.000000000000000000e+00 3.757449600000000167e+00 1.617571699999999835e+00 2.787268899999999938e+00 5.538730600000000059e+00 4.509052800000000083e+00 5.859329999999999927e+00 4.387984300000000282e+00 3.077657700000000052e+00 5.084705400000000708e+00 2.167705000000000215e+00 1.974644700000000030e+00 1.394622399999999818e+00 2.205141300000000193e+00 3.932244499999999920e+00 1.407454100000000041e+00 3.594797100000000079e+00 9.190566999999999709e+00 3.235182000000000002e+00 4.845380999999999716e+00 2.406192299999999840e+00 3.588293600000000083e+00 2.164445200000000291e+00 5.039315000000000211e+00 2.301679800000000053e+00 4.265644599999999897e+00 2.476983000000000157e+00 1.506454100000000018e+00 3.198467700000000136e+00 1.599242000000000052e+00 2.438836300000000179e+00 2.077545000000000197e+00 1.453048499999999965e+00 3.386681799999999853e+00 4.558875600000000361e+00 4.450664499999999357e+00 2.280050300000000085e+00 1.575186100000000033e+00 4.077063599999999788e+00 3.902240500000000001e+00 1.934931200000000073e+00 2.325650700000000182e+00 4.095518600000000120e+00 1.995402499999999968e+00 3.620859400000000061e+00 5.757814999999999905e+00 3.998186000000000018e+00 4.277624600000000221e+00 7.685878800000000233e+00 2.061309400000000025e+01 1.752192499999999953e+01 3.001780499999999918e+01 2.336410300000000007e+01 3.898832300000000117e+01 8.454716500000000678e+01 1.611311800000000005e+02 8.860106000000000392e+01 5.055184600000000472e+01 2.614502500000000040e+01 1.543777900000000081e+01
1.024124899999999894e+00 5.837249299999999863e+00 3.350560000000000205e+00 2.886706999999999912e+00 8.194755999999999707e-01 3.113277700000000259e+00 4.045577999999999896e+00 5.680661699999999925e+00 0.000000000000000000e+00 8.776843500000000020e-01 1.496693100000000110e+00 3.067637400000000181e+00 5.777506999999999948e+00 3.045081999999999844e+00 3.054397799999999830e+00 7.288330999999998561e+00 1.489217800000000036e+00 2.719556600000000213e+00 2.512949700000000508e+00 1.003648600000000002e+00 4.153392000000000195e+00 2.787231400000000026e+00 3.736105999999999927e+00 4.473511000000000237e+00 1.191896999999999984e+00 2.650694800000000129e+00 3.420468599999999970e+00 3.900495300000000221e+00 1.325030200000000047e+00 5.520987500000000381e+00 1.262921899999999820e+00 2.151662799999999542e+00 1.504887199999999980e+00 2.922920200000000079e+00 2.698009700000000066e+00 2.304722799999999960e+00 7.871309499999999959e-01 5.709837400000000507e+00 4.926268599999999331e+00 4.041456000000000159e+00 4.007922600000000557e+00 1.605746700000000082e+00 3.534691299999999980e+00 5.166475000000000151e+00 3.125030300000000150e+00 0.000000000000000000e+00 6.211237000000000563e+00 5.906976700000000413e+00 7.164070599999998734e+00 1.423232299999999917e+01 1.474446599999999918e+01 1.492258299999999949e+01 1.882038500000000170e+01 2.612775999999999854e+01 3.070406699999999844e+01 8.860106000000000392e+01 1.630334000000000003e+02 9.181150999999999840e+01 4.448490499999999770e+01 2.512483999999999895e+01
1.744492799999999955e+00 7.457371000000001082e+00 2.140251899999999985e+00 1.639070699999999770e+00 2.093840399999999935e+00 3.314470299999999980e+00 2.584211600000000164e+00 9.676430000000000309e-01 4.072130000000000472e+00 2.242569200000000151e+00 1.274732399999999766e+00 1.741802899999999932e+00 3.075436400000000070e+00 3.241867500000000124e+00 8.671427400000000230e-01 1.241493200000000074e+00 3.805096600000000162e+00 4.632488700000000570e+00 4.993980400000000763e+00 8.548068000000000888e-01 1.414976400000000023e+00 1.582588699999999848e+00 1.272815500000000100e+00 6.350143599999999999e-01 1.522706700000000080e+00 1.505063199999999934e+00 2.913210400000000089e+00 2.657639000000000085e+00 1.692790900000000098e+00 1.410666200000000092e+00 2.151259200000000149e+00 3.665139400000000158e+00 3.204278200000000076e+00 3.983118300000000112e+00 3.446839000000000208e+00 2.617240700000000420e+00 2.681595300000000126e+00 1.389446899999999818e+00 1.198771199999999926e+00 2.065263000000000293e+00 3.413544700000000098e+00 2.051419999999999799e+00 6.020988000000000007e+00 2.640169600000000116e+00 3.193903200000000275e+00 5.713737499999999692e+00 3.526736999999999789e+00 4.402096299999999296e+00 6.779592999999999314e+00 9.091243999999999659e+00 1.062587300000000035e+01 1.588693999999999917e+01 2.404395999999999844e+01 1.618399400000000199e+01 3.680459199999999953e+01 5.055184600000000472e+01 9.181150999999999840e+01 1.699627499999999998e+02 1.062504600000000039e+02 3.696157500000000340e+01
2.223372700000000091e+00 3.168163499999999910e+00 1.818514299999999917e+00 3.133516999999999886e+00 1.779079600000000205e+00 4.224324000000000190e+00 4.391469999999999985e+00 2.466540600000000083e+00 1.729989500000000069e+00 1.905450599999999994e+00 8.123293000000000319e-01 4.439888999999999974e+00 2.351803799999999889e+00 8.263582600000000111e-01 3.315545000000000186e+00 1.582295000000000007e+00 3.233087999999999962e+00 7.380188499999999152e+00 1.818535900000000094e+00 3.268378300000000181e+00 2.705101299999999931e+00 4.034048600000000206e+00 1.622215399999999974e+00 2.427995700000000312e+00 2.587605700000000120e+00 3.836434800000000145e+00 2.784685899999999936e+00 1.693593099999999962e+00 1.438318699999999950e+00 1.797907600000000050e+00 1.370900199999999902e+00 0.000000000000000000e+00 2.450329800000000002e+00 2.538261199999999995e+00 0.000000000000000000e+00 1.667849199999999810e+00 2.563289200000000267e+00 8.854316500000000145e-01 1.527845300000000073e+00 8.773991500000000165e-01 7.250991999999999438e-01 4.357590000000000074e+00 5.371664499999999620e+00 2.243281000000000081e+00 3.392216700000000085e+00 4.854809000000000374e+00 2.996573399999999943e+00 1.603004000000000095e+00 9.504721999999999227e+00 5.149723000000000717e+00 1.600509999999999877e+01 1.889818599999999904e+01 1.167400300000000080e+01 1.031332800000000027e+01 2.221948400000000134e+01 2.614502500000000040e+01 4.448490499999999770e+01 1.062504600000000039e+02 1.942029899999999998e+02 1.028935239999999993e+02
3.938485899999999873e+00 3.741393299999999922e+00 3.221319200000000382e+00 3.700477799999999817e+00 5.252440499999999624e+00 4.988649400000000789e+00 3.889528299999999827e+00 2.912822499999999870e+00 2.043004000000000264e+00 2.250212200000000440e+00 9.593075500000000089e-01 0.000000000000000000e+00 0.000000000000000000e+00 3.903499399999999842e+00 0.000000000000000000e+00 1.868586499999999928e+00 1.909032499999999910e+00 5.229311000000000043e+00 1.073785800000000012e+00 2.573160199999999787e+00 2.129697999999999869e+00 1.190986600000000228e+00 1.915729999999999933e+00 0.000000000000000000e+00 1.527896200000000038e+00 2.265288799999999991e+00 6.577062599999998760e+00 1.000011200000000100e+00 2.547840000000000327e+00 7.077369700000000208e-01 1.618943100000000079e+00 2.758222799999999975e+00 9.645595599999999825e-01 1.498759899999999812e+00 2.593939799999999796e+00 1.969620499999999996e+00 3.027076200000000217e+00 5.228183300000000422e+00 2.706427600000000044e+00 2.072301599999999855e+00 8.562946000000000168e-01 5.146028500000000783e+00 3.624904900000000207e+00 2.649167499999999897e+00 2.403591200000000150e+00 4.777675599999999356e+00 8.846891000000000060e-01 5.679127699999999557e+00 7.142833000000000432e+00 9.122227999999999781e+00 1.308528800000000025e+01 4.782325300000000112e+00 1.895606799999999836e+01 1.370178300000000071e+01 1.895093299999999914e+01 1.543777900000000081e+01 2.512483999999999895e+01 3.696157500000000340e+01 1.028935239999999993e+02 1.786057999999999879e+02
