1.409645800000000122e+02 8.786643999999999721e+01 3.672198499999999655e+01 2.001430300000000173e+01 2.782095500000000143e+01 1.809790399999999977e+01 1.685907699999999920e+01 1.211034300000000030e+01 1.498220899999999922e+01 1.075607499999999916e+01 6.438063600000000442e+00 9.736236999999999142e+00 8.664961999999999165e+00 6.439619000000000426e+00 9.042519000000000418e+00 1.124411300000000047e+01 8.324196000000000595e+00 2.932174700000000467e+00 6.558432599999999724e+00 8.927728000000000108e+00 9.281065999999999150e+00 4.270302000000000042e+00 5.913442599999999771e+00 6.646735000000000504e+00 3.239355000000000206e+00 3.071356999999999893e+00 2.909493400000000118e+00 5.319757499999999695e+00 4.438698300000000430e+00 3.075026799999999838e+00 4.494616500000000237e+00 5.897967000000000404e+00 5.254096499999999281e+00 2.045500300000000049e+00 7.779106000000000076e-01 5.112805999999999962e+00 1.854559400000000080e+00 0.000000000000000000e+00 2.532589200000000318e+00 2.810890399999999900e+00 1.572879100000000197e+00 1.946444999999999981e+00 5.417680299999999782e+00 1.183605599999999924e+00 2.184286000000000172e+00 1.618174599999999907e+00 3.399075700000000477e+00 1.673095199999999894e+00 1.770992199999999794e+00 2.610827399999999798e+00 1.347615599999999914e+00 2.621233000000000146e+00 6.156111699999999409e+00 0.000000000000000000e+00 1.229757500000000059e+00 2.843040999999999929e+00 0.000000000000000000e+00 1.672282499999999894e+00 3.201522000000000201e+00 3.624855499999999786e+00
8.786643999999999721e+01 1.374754300000000171e+02 1.020588800000000020e+02 3.839558399999999949e+01 2.993617599999999968e+01 1.375817299999999932e+01 1.554931599999999925e+01 1.310555300000000045e+01 1.555833699999999986e+01 5.771898000000000195e+00 7.917197700000000005e+00 9.578495999999999455e+00 7.749615999999999616e+00 1.029484399999999944e+01 4.448008500000000254e+00 6.913714399999999927e+00 6.551466000000000456e+00 1.009634299999999918e+01 4.608698000000000405e+00 4.391543399999999764e+00 5.478420299999999799e+00 4.201116999999999990e+00 7.479818999999999996e+00 7.356430499999999206e+00 5.098996999999999780e+00 6.043194000000000621e+00 6.678829700000000535e+00 3.489046800000000115e+00 5.822381000000000029e+00 5.445373000000000019e+00 2.947865200000000296e+00 5.802412000000000347e+00 5.168973000000000262e+00 3.353933800000000076e+00 7.653073700000000423e-01 0.000000000000000000e+00 4.561282599999999299e+00 1.780561699999999803e+00 3.322077300000000122e+00 9.217834499999999487e-01 3.094792599999999894e+00 3.829819999999999780e+00 2.284245700000000046e+00 2.328859000000000012e+00 2.148897999999999975e+00 1.591957899999999926e+00 1.337602399999999969e+00 8.229943999999999038e-01 4.355748999999999427e+00 2.568528399999999934e+00 1.325782399999999805e+00 0.000000000000000000e+00 3.028187299999999915e+00 2.597350400000000281e+00 3.629501600000000217e+00 1.864653200000000011e+00 0.000000000000000000e+00 1.645189299999999966e+00 3.149653200000000375e+00 0.000000000000000000e+00
3.672198499999999655e+01 1.020588800000000020e+02 1.292342199999999934e+02 9.732911000000000001e+01 4.079549399999999792e+01 2.316045000000000087e+01 3.416055000000000064e+01 1.549798200000000037e+01 1.420236899999999913e+01 1.001082399999999950e+01 1.098531999999999975e+01 6.460618499999999820e+00 8.736646999999999608e+00 5.493987000000000620e+00 8.678993000000000180e+00 4.796479999999999855e+00 4.971275000000000333e+00 6.253991599999999984e+00 9.592033999999999949e+00 6.664635700000000718e+00 4.750907400000000003e+00 4.554031400000000396e+00 1.153160600000000002e+01 7.088361299999999865e+00 4.421869999999999301e+00 5.240681000000000367e+00 5.791907300000000092e+00 2.269286399999999926e+00 4.418041999999999803e+00 4.722248600000000351e+00 5.751900700000000199e+00 2.875356700000000210e+00 1.494184500000000027e+00 2.908544500000000088e+00 1.991032600000000041e+00 3.635009000000000157e+00 2.373337300000000205e+00 1.544110100000000152e+00 0.000000000000000000e+00 3.996870799999999946e+00 6.709540499999999685e-01 2.490925999999999974e+00 1.320604600000000017e+00 2.019595900000000110e+00 3.105887700000000251e+00 3.451380499999999962e+00 2.899935000000000151e+00 7.137040000000000051e-01 3.021858200000000050e+00 7.796032399999999640e+00 2.299447300000000194e+00 1.118157700000000032e+00 3.939083600000000907e+00 2.252432300000000165e+00 0.000000000000000000e+00 1.617034600000000211e+00 1.631905399999999506e+00 3.566786299999999965e+00 2.731391400000000136e+00 1.030853400000000031e+00
2.001430300000000173e+01 3.839558399999999949e+01 9.732911000000000001e+01 1.219139899999999841e+02 1.018742400000000004e+02 4.896179999999999666e+01 3.037716700000000003e+01 2.027219200000000043e+01 1.935152000000000072e+01 1.364030699999999996e+01 8.232461999999999946e+00 6.036311000000000426e+00 1.318615600000000043e+01 9.731624000000000052e+00 9.460490999999999318e+00 5.228378000000000192e+00 7.741302499999999753e+00 1.090740899999999947e+01 6.970497599999999849e+00 1.037821600000000011e+01 6.904935400000000278e+00 7.942557000000000755e+00 8.641850999999999061e+00 6.181305000000000049e+00 7.230055000000000121e+00 9.520962000000000813e+00 2.705759000000000025e+00 7.420871000000000883e+00 4.127883399999999980e+00 3.431641599999999848e+00 6.269828999999999652e+00 5.484968000000000288e+00 0.000000000000000000e+00 1.902266100000000071e+00 2.170314600000000205e+00 1.584929000000000032e+00 8.623479600000000245e-01 1.683149000000000228e+00 7.850824600000000375e-01 1.742707299999999959e+00 2.925479700000000349e+00 1.810147200000000067e+00 7.197590000000000376e-01 1.100724800000000059e+00 2.708445000000000213e+00 1.504863599999999968e+00 1.264423599999999981e+00 1.555938499999999891e+00 2.470470399999999955e+00 0.000000000000000000e+00 3.759750599999999832e+00 3.656525600000000153e+00 0.000000000000000000e+00 3.682878000000000096e+00 6.861871000000000720e+00 3.525280000000000413e+00 3.557700000000000085e+00 0.000000000000000000e+00 9.924463000000000035e-01 3.371029000000000053e+00
2.782095500000000143e+01 2.993617599999999968e+01 4.079549399999999792e+01 1.018742400000000004e+02 1.166040100000000024e+02 8.241582999999999970e+01 4.767439699999999903e+01 2.543976800000000082e+01 2.151972400000000007e+01 5.530222000000000193e+00 7.802429700000000246e+00 6.118288999999999866e+00 1.336523500000000020e+01 1.170647199999999977e+01 6.392648000000000330e+00 9.084657999999999234e+00 8.070619999999999905e+00 8.291655000000000442e+00 1.211170800000000014e+01 8.114780999999998912e+00 6.748756400000000433e+00 7.762908500000000878e+00 4.777753999999999834e+00 6.712769999999999904e+00 7.328244699999999945e+00 1.158031749999999960e+01 7.835729999999999862e+00 7.879825999999998665e+00 4.781649599999999722e+00 1.490676899999999527e+00 5.447123999999999633e+00 4.765249999999999986e+00 1.415012099999999995e+00 1.652657499999999891e+00 1.257022400000000095e+00 3.442400700000000313e+00 3.745968599999999871e+00 5.118022400000000083e+00 2.728267000000000220e+00 3.785088299999999961e+00 3.177010800000000135e+00 2.358939200000000458e+00 1.250629500000000061e+00 1.912583399999999934e+00 1.764789500000000011e+00 2.614801400000000164e+00 5.492551999999999435e-01 2.703547499999999992e+00 7.154347300000000187e-01 1.054706200000000038e+00 5.444016000000000410e+00 2.117819499999999966e+00 6.217272000000000354e+00 1.066541299999999914e+00 9.935800399999999977e-01 2.297029000000000210e+00 0.000000000000000000e+00 1.351117099999999960e+00 3.448884000000000061e+00 0.000000000000000000e+00
1.809790399999999977e+01 1.375817299999999932e+01 2.316045000000000087e+01 4.896179999999999666e+01 8.241582999999999970e+01 1.157151900000000069e+02 1.514393000000000029e+02 4.906810000000000116e+01 2.927036299999999969e+01 1.868822700000000125e+01 6.767446999999999768e+00 1.405932399999999838e+01 1.144180399999999942e+01 4.307598000000000482e+00 8.641047000000000367e+00 1.396836200000000083e+01 1.209101599999999976e+01 1.120796499999999973e+01 8.595085000000000974e+00 3.412541000000000491e+00 9.223762999999999934e+00 6.529132999999999853e+00 1.097888400000000075e+01 8.257122000000000739e+00 1.089627800000000057e+01 1.408797200000000061e+01 8.155597000000000207e+00 3.389046399999999792e+00 5.089953400000000627e+00 6.112082000000000015e+00 5.726751300000000100e+00 4.508886300000000347e+00 2.677772800000000064e+00 3.648742700000000116e+00 1.189396399999999909e+00 6.514408000000000420e-01 1.417776199999999820e+00 3.459057000000000048e+00 1.936117400000000099e+00 7.162910999999999584e-01 0.000000000000000000e+00 0.000000000000000000e+00 5.916737300000000088e-01 4.524222400000000199e+00 3.339692400000000116e+00 1.237064399999999509e+00 4.157648000000000010e+00 2.558100500000000110e+00 3.384726500000000193e+00 3.991857800000000012e+00 4.120908299999999969e+00 2.003883800000000104e+00 1.176558299999999946e+00 3.027488500000000027e+00 3.760507000000000044e+00 2.897935899999999787e+00 2.193439699999999881e+00 3.196072000000000024e+00 3.263338800000000095e+00 2.771134600000000336e+00
1.685907699999999920e+01 1.554931599999999925e+01 3.416055000000000064e+01 3.037716700000000003e+01 4.767439699999999903e+01 1.514393000000000029e+02 1.114327100000000002e+02 1.055410899999999970e+02 3.830684000000000111e+01 2.297986600000000124e+01 1.497248800000000024e+01 1.377105000000000068e+01 1.157018599999999964e+01 1.103502600000000022e+01 1.549539200000000072e+01 1.513920300000000019e+01 1.059645800000000015e+01 1.148483899999999913e+01 9.174388999999999683e+00 8.742105499999999196e+00 2.726429500000000061e+00 7.317651700000000758e+00 6.617706000000000088e+00 4.881404400000000088e+00 8.247210000000000818e+00 4.009998300000000349e+00 6.647667399999999560e+00 6.077342999999999940e+00 3.622008999999999812e+00 6.022183999999999315e+00 4.401166400000000145e+00 3.300193499999999780e+00 8.574758999999999576e-01 4.673598999999999393e+00 6.855629000000000417e+00 8.344170499999999935e-01 9.080000499999999475e-01 3.544507499999999922e+00 3.306576699999999924e+00 9.174824999999999786e-01 1.540176300000000165e+00 2.858962800000000026e+00 3.031450299999999487e+00 2.317992999999999970e+00 1.425914200000000021e+00 7.922650599999999654e-01 1.997042100000000486e+00 8.191544400000000392e-01 4.335426000000000002e+00 1.278272000000000075e+00 1.319596500000000061e+00 2.566733099999999990e+00 3.014058000000000348e+00 1.292615800000000092e+00 1.204188999999999954e+00 9.279764999999999819e-01 1.873021100000000105e+00 3.275025999999999993e+00 2.089971499999999871e+00 1.183162999999999965e+00
1.211034300000000030e+01 1.310555300000000045e+01 1.549798200000000037e+01 2.027219200000000043e+01 2.543976800000000082e+01 4.906810000000000116e+01 1.055410899999999970e+02 1.322043999999999926e+02 8.805396999999999252e+01 4.181792399999999787e+01 2.717091599999999829e+01 1.582740399999999958e+01 2.039010800000000145e+01 1.268282400000000010e+01 1.144879199999999919e+01 1.265443999999999924e+01 6.557798399999999361e+00 9.899855000000000516e+00 1.159878349999999969e+01 6.279697000000000529e+00 9.400655999999999679e+00 1.802219200000000043e+01 5.704418000000000433e+00 8.415475999999999956e+00 1.312438099999999963e+01 8.065380000000001104e+00 6.548850999999999978e+00 6.984838500000000394e+00 4.995435700000000701e+00 8.997875999999999763e+00 5.058367700000000688e+00 5.689489400000000252e+00 9.855178999999999467e-01 3.069417699999999805e+00 1.750964800000000210e+00 2.877047500000000202e+00 5.217933000000000376e+00 2.036894600000000111e+00 8.550741000000000369e+00 4.217940000000000467e+00 7.080649000000000193e+00 2.190583999999999865e+00 8.710299999999999709e-01 1.332062999999999997e+00 1.638837900000000181e+00 9.105695499999999498e-01 1.530165999999999915e+00 1.882948400000000078e+00 9.965621999999999536e-01 0.000000000000000000e+00 7.583222400000000363e+00 2.950009000000000103e+00 0.000000000000000000e+00 1.485634799999999922e+00 2.768007499999999954e+00 1.066546100000000052e+00 1.076354400000000044e+00 0.000000000000000000e+00 0.000000000000000000e+00 5.439352500000000035e+00
1.498220899999999922e+01 1.555833699999999986e+01 1.420236899999999913e+01 1.935152000000000072e+01 2.151972400000000007e+01 2.927036299999999969e+01 3.830684000000000111e+01 8.805396999999999252e+01 1.216829699999999974e+02 1.013515900000000016e+02 4.544151300000000049e+01 2.845064700000000002e+01 2.315379499999999879e+01 2.054701599999999928e+01 1.486322200000000038e+01 1.087176000000000009e+01 1.352154200000000195e+01 2.154656599999999855e+01 1.087071000000000076e+01 9.495290999999999926e+00 8.614772000000000318e+00 1.238666699999999921e+01 7.187861400000000067e+00 7.711951700000001075e+00 9.521530999999999523e+00 1.108668600000000026e+01 1.050240600000000057e+01 8.915559000000000012e+00 8.583419000000001020e+00 1.236849600000000038e+01 8.691550999999998695e+00 4.562123000000000594e+00 4.064083999999999364e+00 4.746630000000000571e+00 6.017198000000000491e+00 4.613927400000000567e+00 1.434516099999999961e+00 2.799918700000000094e+00 5.876931700000000092e+00 7.247485000000000177e-01 4.258219200000000093e+00 3.763975400000000082e+00 2.993298300000000189e+00 0.000000000000000000e+00 2.252749399999999902e+00 2.503340999999999816e+00 3.155053399999999897e+00 2.588303999999999938e+00 3.424690200000000129e+00 3.029242500000000060e+00 3.127173200000000541e+00 2.027543800000000118e+00 3.571349899999999522e+00 2.042156199999999977e+00 1.902453900000000031e+00 1.466075999999999935e+00 7.397793499999999467e-01 1.293523399999999768e+00 0.000000000000000000e+00 1.869235900000000061e+00
1.075607499999999916e+01 5.771898000000000195e+00 1.001082399999999950e+01 1.364030699999999996e+01 5.530222000000000193e+00 1.868822700000000125e+01 2.297986600000000124e+01 4.181792399999999787e+01 1.013515900000000016e+02 1.652709499999999991e+02 1.228561799999999948e+02 4.227070599999999700e+01 2.863231000000000037e+01 1.389780599999999922e+01 1.027121600000000079e+01 1.277196299999999951e+01 1.664130600000000015e+01 6.661197000000000479e+00 1.106796600000000019e+01 8.112662000000000262e+00 7.590367999999998894e+00 4.850550700000000326e+00 8.444180499999999867e+00 9.059872999999999621e+00 7.653399499999999911e+00 1.395477299999999943e+01 1.057547300000000057e+01 1.369657399999999825e+01 1.142814500000000066e+01 1.508916199999999996e+01 1.633710499999999755e+01 1.225029999999999930e+01 9.548837000000000685e+00 5.576262500000000344e+00 4.948233000000000104e+00 3.871689299999999889e+00 2.527868500000000296e+00 2.466973499999999930e+00 6.904122000000000092e+00 7.662802000000000113e+00 5.002485299999999135e+00 2.653113600000000183e+00 3.516477000000000075e+00 9.679923999999999751e+00 5.954608999999999597e+00 4.411325499999999344e+00 6.177507399999999649e+00 6.081393700000000457e+00 8.046539000000000330e-01 3.558704000000000089e+00 2.449167500000000164e+00 1.190962400000000088e+00 1.398520800000000008e+00 1.199545599999999990e+00 4.469942600000000432e+00 2.583482699999999799e+00 0.000000000000000000e+00 2.279414699999999794e+00 1.939490699999999901e+00 0.000000000000000000e+00
6.438063600000000442e+00 7.917197700000000005e+00 1.098531999999999975e+01 8.232461999999999946e+00 7.802429700000000246e+00 6.767446999999999768e+00 1.497248800000000024e+01 2.717091599999999829e+01 4.544151300000000049e+01 1.228561799999999948e+02 1.191672800000000052e+02 1.003221599999999967e+02 2.945578000000000074e+01 2.227401400000000109e+01 1.437059999999999960e+01 1.261371499999999912e+01 7.470506999999999564e+00 5.482219000000000619e+00 1.121110900000000044e+01 9.180581999999999354e+00 1.110566099999999956e+01 4.790451000000000015e+00 8.213198000000000221e+00 1.056316099999999913e+01 7.267857600000000140e+00 9.187912999999999997e+00 1.087962500000000077e+01 2.254478500000000096e+01 1.825765000000000171e+01 1.839778099999999839e+01 2.240928299999999851e+01 2.079432500000000061e+01 1.113325799999999965e+01 8.158772000000000801e+00 5.817766000000000659e+00 6.372863999999999862e+00 6.934853999999999630e+00 4.060678500000000746e+00 5.050798999999999594e+00 6.306548599999999283e+00 5.881551299999999927e+00 1.164551450000000088e+01 4.630542799999999737e+00 8.851839999999999264e+00 2.722606400000000093e+00 7.866205700000000078e+00 4.575725000000000264e+00 9.384442999999999202e+00 7.284602999999999717e+00 1.952561500000000061e+00 1.007842300000000080e+00 2.940515299999999943e+00 1.150994099999999909e+00 3.948943100000000594e+00 2.759099200000000085e+00 7.087424399999999736e-01 1.430520500000000084e+00 0.000000000000000000e+00 7.981083000000001038e-01 0.000000000000000000e+00
9.736236999999999142e+00 9.578495999999999455e+00 6.460618499999999820e+00 6.036311000000000426e+00 6.118288999999999866e+00 1.405932399999999838e+01 1.377105000000000068e+01 1.582740399999999958e+01 2.845064700000000002e+01 4.227070599999999700e+01 1.003221599999999967e+02 1.044070300000000060e+02 1.005744300000000067e+02 4.208074600000000487e+01 3.181759500000000074e+01 2.826019300000000101e+01 1.673717500000000058e+01 1.621296300000000201e+01 1.318681600000000032e+01 1.121917250000000088e+01 1.772806700000000291e+01 9.659418999999999755e+00 1.104067399999999921e+01 1.169381799999999849e+01 1.563182600000000022e+01 1.543868200000000002e+01 1.657505400000000151e+01 1.871844700000000117e+01 8.181010999999999811e+00 1.236570299999999989e+01 6.777879000000000431e+00 1.016472100000000012e+01 3.521410700000001004e+00 4.112817299999999676e+00 3.910295500000000146e+00 6.853429300000000168e+00 6.525573699999999810e+00 6.368376699999999779e+00 4.243491999999999820e+00 3.767840899999999937e+00 3.953167699999999840e+00 6.848888400000000765e+00 4.668491000000000390e+00 5.949588300000000274e+00 2.927913000000000210e+00 4.067010400000000025e+00 3.417202700000000259e+00 7.569079999999999586e+00 2.670655000000000001e+00 2.624750600000000045e+00 2.709604700000000310e+00 1.317605899999999997e+00 3.094470700000000019e+00 1.327101700000000051e+00 3.708947199999999889e+00 1.905468500000000009e+00 9.614959400000000489e-01 8.406003000000000780e-01 3.218595500000000165e+00 2.429458000000000339e+00
8.664961999999999165e+00 7.749615999999999616e+00 8.736646999999999608e+00 1.318615600000000043e+01 1.336523500000000020e+01 1.144180399999999942e+01 1.157018599999999964e+01 2.039010800000000145e+01 2.315379499999999879e+01 2.863231000000000037e+01 2.945578000000000074e+01 1.005744300000000067e+02 1.360884399999999914e+02 9.899533999999999878e+01 5.874799000000000149e+01 2.160676600000000036e+01 1.645285600000000059e+01 1.717177000000000220e+01 2.194761000000000095e+01 1.960638000000000147e+01 1.087058999999999997e+01 1.328564899999999938e+01 1.174981999999999971e+01 1.033957299999999968e+01 1.422804099999999927e+01 1.723741499999999860e+01 6.389603000000000144e+00 1.233188400000000051e+01 5.415513500000000313e+00 5.402508000000000088e+00 1.316097099999999998e+01 7.401518300000000217e+00 6.410354599999999792e+00 3.993038700000000052e+00 2.847311299999999878e+00 3.742782399999999843e+00 4.751646000000000036e+00 4.637181799999999576e+00 3.707917199999999802e+00 4.801268000000000313e+00 4.605646000000000129e+00 2.849753999999999898e+00 4.532529000000000252e+00 2.599342599999999948e+00 5.329954999999999554e-01 1.184569699999999948e+00 2.488262000000000196e+00 5.511482700000000179e+00 4.537534700000000143e+00 1.911232000000000042e+00 1.973019100000000359e+00 2.878274000000000221e+00 5.633155999999999608e+00 1.932678300000000071e+00 2.700698000000000043e+00 2.774962400000000162e+00 2.800482000000000138e+00 1.836268400000000023e+00 7.812149000000000454e-01 1.769028100000000325e+00
6.439619000000000426e+00 1.029484399999999944e+01 5.493987000000000620e+00 9.731624000000000052e+00 1.170647199999999977e+01 4.307598000000000482e+00 1.103502600000000022e+01 1.268282400000000010e+01 2.054701599999999928e+01 1.389780599999999922e+01 2.227401400000000109e+01 4.208074600000000487e+01 9.899533999999999878e+01 1.113969799999999992e+02 1.116104399999999970e+02 5.151844799999999935e+01 2.428501500000000135e+01 2.522430200000000156e+01 2.172677200000000042e+01 1.669599999999999795e+01 1.388543100000000052e+01 1.836783199999999994e+01 1.453455399999999997e+01 1.553781399999999913e+01 1.066210000000000058e+01 9.955977000000000743e+00 1.160773799999999945e+01 5.969179000000000457e+00 6.640749999999999709e+00 9.201114000000000459e+00 8.405511999999999873e+00 5.672549700000000250e+00 3.275278800000000157e+00 4.590418299999999618e+00 1.163834299999999988e+00 3.824641999999999875e+00 0.000000000000000000e+00 3.384716500000000128e+00 1.894507200000000058e+00 2.102690700000000135e+00 4.118080600000000757e+00 1.456041099999999977e+00 1.736873099999999948e+00 5.312387499999999818e+00 5.446528000000000480e-01 1.210478000000000165e+00 3.051220400000000055e+00 1.877342099999999903e+00 2.649586700000000405e+00 3.906066699999999781e+00 3.024257700000000160e+00 3.921634399999999854e+00 2.302544399999999936e+00 1.974948600000000054e+00 4.599610000000000198e+00 3.544568299999999894e+00 5.008032000000000039e+00 2.501906899999999823e+00 1.596602300000000030e+00 1.807719100000000356e+00
9.042519000000000418e+00 4.448008500000000254e+00 8.678993000000000180e+00 9.460490999999999318e+00 6.392648000000000330e+00 8.641047000000000367e+00 1.549539200000000072e+01 1.144879199999999919e+01 1.486322200000000038e+01 1.027121600000000079e+01 1.437059999999999960e+01 3.181759500000000074e+01 5.874799000000000149e+01 1.116104399999999970e+02 1.662218600000000208e+02 7.677136000000000138e+01 3.235227000000000430e+01 4.003997999999999990e+01 2.952459999999999951e+01 1.289449499999999915e+01 1.949793199999999871e+01 1.121396700000000024e+01 1.331049800000000083e+01 1.570911099999999827e+01 1.429119599999999934e+01 1.613099100000000163e+01 9.168521999999999395e+00 1.210722600000000071e+01 1.165618300000000040e+01 5.814095000000000013e+00 4.721210500000000643e+00 7.080354700000000889e+00 9.198298499999999489e-01 1.432415399999999783e+00 2.451385700000000334e+00 1.790188399999999902e+00 1.948056199999999905e+00 4.752821400000001084e+00 8.867561999999999944e-01 1.968400099999999986e+00 3.304349999999999898e+00 3.066861199999999954e+00 4.064864599999999939e+00 1.243276499999999896e+00 2.294405999999999946e+00 8.498769999999999936e-01 0.000000000000000000e+00 4.393608599999999420e+00 3.720551700000000128e+00 1.096980399999999989e+01 5.662219999999999587e+00 0.000000000000000000e+00 0.000000000000000000e+00 2.773224400000000145e+00 3.875265600000000088e+00 9.954572000000000420e-01 1.004611700000000107e+00 0.000000000000000000e+00 2.241950300000000063e+00 2.538400699999999954e+00
1.124411300000000047e+01 6.913714399999999927e+00 4.796479999999999855e+00 5.228378000000000192e+00 9.084657999999999234e+00 1.396836200000000083e+01 1.513920300000000019e+01 1.265443999999999924e+01 1.087176000000000009e+01 1.277196299999999951e+01 1.261371499999999912e+01 2.826019300000000101e+01 2.160676600000000036e+01 5.151844799999999935e+01 7.677136000000000138e+01 1.119854349999999954e+02 9.785461399999999799e+01 6.893802999999999770e+01 2.937039400000000100e+01 2.040682800000000086e+01 1.333481699999999925e+01 1.952194799999999830e+01 2.427513000000000076e+01 1.953382999999999825e+01 9.308457999999999899e+00 1.604673999999999978e+01 1.520106000000000002e+01 8.106533000000000655e+00 7.730202700000000426e+00 7.229661000000000115e+00 3.913793599999999984e+00 5.502636400000000094e+00 2.287564300000000106e+00 8.905837500000000073e-01 1.016075999999999979e+00 1.113024100000000072e+00 1.211176000000000030e+00 3.545998600000000334e+00 5.513279400000000052e+00 2.447649200000000302e+00 2.054432400000000047e+00 3.813553999999999888e+00 1.010908499999999988e+00 3.091957600000000195e+00 2.853028000000000119e+00 6.340786500000000103e+00 4.439737999999999296e+00 2.185330599999999901e+00 1.156599900000000014e+00 3.410159300000000115e+00 0.000000000000000000e+00 3.423750599999999977e+00 8.040869999999999962e+00 3.448425299999999805e+00 4.818781999999999677e+00 3.713467399999999863e+00 0.000000000000000000e+00 1.092134600000000066e+00 0.000000000000000000e+00 0.000000000000000000e+00
8.324196000000000595e+00 6.551466000000000456e+00 4.971275000000000333e+00 7.741302499999999753e+00 8.070619999999999905e+00 1.209101599999999976e+01 1.059645800000000015e+01 6.557798399999999361e+00 1.352154200000000195e+01 1.664130600000000015e+01 7.470506999999999564e+00 1.673717500000000058e+01 1.645285600000000059e+01 2.428501500000000135e+01 3.235227000000000430e+01 9.785461399999999799e+01 1.287881299999999953e+02 1.417664300000000139e+02 4.131240499999999827e+01 3.539471000000000345e+01 2.800051699999999855e+01 1.486533400000000071e+01 1.829801399999999845e+01 1.156896399999999936e+01 1.754123500000000035e+01 1.346361099999999844e+01 1.200382500000000086e+01 7.544610999999999734e+00 6.867350599999999083e+00 8.563572999999999880e+00 3.476932300000000087e+00 7.821482999999999741e+00 2.709632200000000157e+00 4.747055999999999720e+00 1.203547499999999992e+00 1.977574600000000071e+00 4.303933999999999926e+00 1.400084899999999521e+00 3.265254700000000287e+00 1.449626899999999941e+00 4.258600700000000572e+00 3.764313000000000020e+00 2.993566500000000019e+00 2.746830200000000222e+00 1.126475799999999916e+00 1.251782699999999915e+00 0.000000000000000000e+00 6.471340700000000057e-01 2.739997900000000097e+00 5.049190000000000289e+00 4.169938000000000144e+00 3.041588299999999911e+00 2.381113299999999988e+00 2.042339300000000080e+00 6.659185400000001032e+00 1.466207500000000108e+00 3.699228300000000136e+00 4.527737600000000029e+00 4.127706500000000389e+00 2.804104999999999848e+00
2.932174700000000467e+00 1.009634299999999918e+01 6.253991599999999984e+00 1.090740899999999947e+01 8.291655000000000442e+00 1.120796499999999973e+01 1.148483899999999913e+01 9.899855000000000516e+00 2.154656599999999855e+01 6.661197000000000479e+00 5.482219000000000619e+00 1.621296300000000201e+01 1.717177000000000220e+01 2.522430200000000156e+01 4.003997999999999990e+01 6.893802999999999770e+01 1.417664300000000139e+02 1.058660799999999966e+02 7.914342499999999347e+01 3.344989400000000046e+01 3.034801099999999963e+01 3.054492199999999968e+01 1.496259200000000078e+01 1.924369400000000141e+01 1.324039600000000050e+01 1.115886899999999926e+01 7.928088699999999989e+00 8.455897999999999470e+00 9.071268999999999139e+00 9.217067000000000121e+00 6.123698000000000086e+00 5.739782299999999893e+00 3.579226499999999866e+00 0.000000000000000000e+00 2.119731200000000371e+00 2.321983799999999931e+00 3.790121599999999980e+00 1.232939999999999925e+00 3.450530500000000167e+00 0.000000000000000000e+00 1.071485900000000102e+00 0.000000000000000000e+00 0.000000000000000000e+00 4.837816700000000303e+00 9.919948600000000338e-01 1.102342399999999945e+00 2.778646000000000171e+00 1.139755699999999816e+00 1.206445699999999954e+00 3.557126300000000185e+00 3.672122499999999956e+00 5.356955000000000133e+00 4.193702700000000227e+00 5.395561999999999969e+00 3.350970700000000413e+00 3.873505999999999894e+00 3.909128400000000170e+00 3.417606399999999933e+00 4.361919400000000557e+00 0.000000000000000000e+00
6.558432599999999724e+00 4.608698000000000405e+00 9.592033999999999949e+00 6.970497599999999849e+00 1.211170800000000014e+01 8.595085000000000974e+00 9.174388999999999683e+00 1.159878349999999969e+01 1.087071000000000076e+01 1.106796600000000019e+01 1.121110900000000044e+01 1.318681600000000032e+01 2.194761000000000095e+01 2.172677200000000042e+01 2.952459999999999951e+01 2.937039400000000100e+01 4.131240499999999827e+01 7.914342499999999347e+01 1.362328500000000133e+02 9.133602999999999383e+01 4.121273000000000053e+01 2.881532999999999944e+01 2.647940300000000136e+01 2.242556799999999839e+01 2.312787600000000054e+01 1.693658999999999892e+01 1.351074900000000056e+01 1.389557199999999959e+01 8.373578000000000188e+00 9.638617500000000504e+00 6.522359400000000029e+00 3.668070000000000164e+00 7.624478300000000486e-01 4.155656300000000414e+00 3.386592999999999964e+00 3.709722000000000186e+00 2.422118199999999888e+00 3.151694500000000065e+00 2.205098899999999862e+00 1.631608600000000076e+00 2.738978599999999819e+00 3.389498500000000192e+00 1.347747900000000110e+00 2.061106000000000105e+00 1.901835100000000001e+00 2.113391599999999926e+00 2.367631700000000450e+00 1.456746600000000003e+00 1.541984299999999974e+00 1.136609999999999898e+00 2.346709700000000343e+00 2.282280000000000086e+00 1.340015500000000026e+00 2.298728200000000221e+00 2.141474000000000100e+00 0.000000000000000000e+00 0.000000000000000000e+00 1.456038800000000188e+00 4.645886400000000194e+00 3.156123899999999871e+00
8.927728000000000108e+00 4.391543399999999764e+00 6.664635700000000718e+00 1.037821600000000011e+01 8.114780999999998912e+00 3.412541000000000491e+00 8.742105499999999196e+00 6.279697000000000529e+00 9.495290999999999926e+00 8.112662000000000262e+00 9.180581999999999354e+00 1.121917250000000088e+01 1.960638000000000147e+01 1.669599999999999795e+01 1.289449499999999915e+01 2.040682800000000086e+01 3.539471000000000345e+01 3.344989400000000046e+01 9.133602999999999383e+01 1.365668200000000070e+02 6.545141600000000892e+01 4.317928299999999808e+01 2.891136200000000045e+01 2.584948500000000138e+01 2.150061000000000178e+01 2.335844800000000276e+01 2.112164100000000033e+01 1.747054500000000132e+01 7.672142000000000017e+00 5.740287999999999613e+00 6.991914999999999658e+00 4.369045299999999799e+00 6.357071000000000360e+00 3.535578700000000296e+00 8.067555000000000698e-01 0.000000000000000000e+00 2.884989700000000212e+00 5.630983999999999767e+00 4.377495999999999832e+00 2.915118200000000215e+00 2.446801999999999921e+00 0.000000000000000000e+00 0.000000000000000000e+00 1.227493600000000074e+00 0.000000000000000000e+00 8.390881999999999508e-01 2.115067999999999948e+00 1.735133500000000106e+00 1.836660500000000029e+00 4.061455200000000154e+00 1.397585199999999972e+00 2.718428100000000125e+00 1.596095000000000041e+00 4.107029400000000052e+00 5.101427600000000062e+00 3.931280999999999803e+00 3.967434599999999811e+00 8.671453000000001188e-01 5.533723999999999421e+00 5.012353400000000292e+00
9.281065999999999150e+00 5.478420299999999799e+00 4.750907400000000003e+00 6.904935400000000278e+00 6.748756400000000433e+00 9.223762999999999934e+00 2.726429500000000061e+00 9.400655999999999679e+00 8.614772000000000318e+00 7.590367999999998894e+00 1.110566099999999956e+01 1.772806700000000291e+01 1.087058999999999997e+01 1.388543100000000052e+01 1.949793199999999871e+01 1.333481699999999925e+01 2.800051699999999855e+01 3.034801099999999963e+01 4.121273000000000053e+01 6.545141600000000892e+01 1.264777500000000003e+02 8.839525999999999328e+01 5.828965800000000286e+01 3.439686199999999872e+01 2.179276700000000133e+01 2.384141299999999930e+01 1.672958999999999818e+01 1.835316700000000267e+01 1.148513400000000040e+01 4.773979699999999937e+00 8.399316000000000670e+00 3.633569500000000119e+00 1.510553000000000035e+00 2.352325700000000186e+00 3.354740000000000055e+00 1.469932000000000016e+00 1.599557799999999919e+00 3.122050799999999793e+00 2.912478199999999795e+00 7.273179999999999978e+00 3.391521000000000008e+00 4.197022399999999820e+00 2.670142999999999933e+00 2.041720000000000201e+00 1.255964800000000103e+00 2.093513699999999922e+00 1.172681300000000038e+00 5.050657299999999239e+00 2.291221600000000080e+00 7.881436299999999839e+00 2.324637200000000181e+00 4.521627400000000740e+00 1.327411799999999920e+00 2.277107200000000109e+00 2.121332199999999890e+00 4.086872000000000504e+00 1.649782500000000152e+00 2.884687700000000188e+00 1.840875500000000109e+00 4.168585000000000207e+00
4.270302000000000042e+00 4.201116999999999990e+00 4.554031400000000396e+00 7.942557000000000755e+00 7.762908500000000878e+00 6.529132999999999853e+00 7.317651700000000758e+00 1.802219200000000043e+01 1.238666699999999921e+01 4.850550700000000326e+00 4.790451000000000015e+00 9.659418999999999755e+00 1.328564899999999938e+01 1.836783199999999994e+01 1.121396700000000024e+01 1.952194799999999830e+01 1.486533400000000071e+01 3.054492199999999968e+01 2.881532999999999944e+01 4.317928299999999808e+01 8.839525999999999328e+01 1.313349000000000046e+02 9.889725500000000125e+01 4.533576999999999657e+01 3.278072999999999837e+01 1.828274700000000053e+01 1.731922699999999793e+01 8.796308999999999045e+00 1.321103300000000047e+01 1.159290799999999955e+01 5.945539499999999755e+00 7.523271000000000264e+00 2.606320999999999888e+00 4.058723000000000525e+00 5.402410999999999852e+00 3.381644200000000211e+00 1.839927199999999985e+00 0.000000000000000000e+00 5.862750499999999754e+00 3.718284000000000145e+00 2.340703700000000165e+00 1.931087699999999963e+00 2.303543799999999919e+00 3.522801400000000083e+00 0.000000000000000000e+00 8.027036999999999090e-01 6.070062999999999320e+00 8.299473499999999726e-01 0.000000000000000000e+00 0.000000000000000000e+00 8.021898000000000195e+00 6.501379499999999645e+00 3.053770300000000049e+00 1.309646800000000111e+00 6.100274599999999658e+00 4.701016400000000317e+00 2.846549299999999949e+00 2.488632700000000142e+00 3.176262599999999825e+00 1.198752000000000040e+00
5.913442599999999771e+00 7.479818999999999996e+00 1.153160600000000002e+01 8.641850999999999061e+00 4.777753999999999834e+00 1.097888400000000075e+01 6.617706000000000088e+00 5.704418000000000433e+00 7.187861400000000067e+00 8.444180499999999867e+00 8.213198000000000221e+00 1.104067399999999921e+01 1.174981999999999971e+01 1.453455399999999997e+01 1.331049800000000083e+01 2.427513000000000076e+01 1.829801399999999845e+01 1.496259200000000078e+01 2.647940300000000136e+01 2.891136200000000045e+01 5.828965800000000286e+01 9.889725500000000125e+01 1.180499999999999972e+02 1.050141749999999945e+02 4.526705599999999663e+01 2.893444799999999972e+01 2.817095000000000127e+01 2.018562700000000021e+01 1.219627900000000054e+01 9.656340000000000146e+00 6.469008999999999787e+00 1.058346700000000062e+01 5.499717999999999662e+00 3.211686600000000169e+00 3.053538000000000086e+00 4.682844599999999247e+00 3.639857800000000143e+00 3.552175800000000105e+00 2.650984300000000182e+00 4.413443599999999023e+00 4.939226599999999578e+00 2.292118299999999831e+00 1.822805199999999903e+00 1.858406299999999955e+00 2.857998100000000097e+00 2.540733000000000352e+00 1.601089999999999902e+00 2.626965300000000170e+00 5.561351000000000155e+00 4.099319999999999631e+00 3.173883200000000127e+00 1.028914499999999954e+00 6.041157700000000297e+00 1.036329699999999798e+00 3.861740999999999868e+00 1.487974499999999978e+00 2.252488000000000046e+00 3.282111399999999790e+00 8.377972000000000197e-01 3.794312699999999872e+00
6.646735000000000504e+00 7.356430499999999206e+00 7.088361299999999865e+00 6.181305000000000049e+00 6.712769999999999904e+00 8.257122000000000739e+00 4.881404400000000088e+00 8.415475999999999956e+00 7.711951700000001075e+00 9.059872999999999621e+00 1.056316099999999913e+01 1.169381799999999849e+01 1.033957299999999968e+01 1.553781399999999913e+01 1.570911099999999827e+01 1.953382999999999825e+01 1.156896399999999936e+01 1.924369400000000141e+01 2.242556799999999839e+01 2.584948500000000138e+01 3.439686199999999872e+01 4.533576999999999657e+01 1.050141749999999945e+02 9.943282999999999561e+01 9.204201000000000477e+01 5.217142499999999927e+01 3.219913999999999987e+01 1.163775500000000029e+01 1.313747599999999949e+01 1.519527500000000053e+01 1.098941800000000057e+01 7.806659700000000868e+00 2.704496900000000092e+00 3.158706200000000131e+00 4.805066000000000059e+00 5.263537999999999606e+00 3.579814199999999946e+00 6.987157000000000728e+00 3.259066300000000194e+00 4.340638600000000125e+00 2.428874299999999931e+00 3.757178500000000199e+00 4.780629000000000239e+00 4.569373999999999825e+00 3.935192799999999824e+00 4.372936199999999829e+00 3.149356100000000325e+00 6.459076000000000484e+00 3.418506100000000103e+00 5.039621000000000350e+00 2.081017500000000187e+00 5.059706699999999557e+00 0.000000000000000000e+00 0.000000000000000000e+00 2.848527999999999949e+00 7.317143000000000397e-01 2.953774000000000122e+00 1.291187599999999991e+00 1.647953500000000071e+00 1.865860499999999922e+00
3.239355000000000206e+00 5.098996999999999780e+00 4.421869999999999301e+00 7.230055000000000121e+00 7.328244699999999945e+00 1.089627800000000057e+01 8.247210000000000818e+00 1.312438099999999963e+01 9.521530999999999523e+00 7.653399499999999911e+00 7.267857600000000140e+00 1.563182600000000022e+01 1.422804099999999927e+01 1.066210000000000058e+01 1.429119599999999934e+01 9.308457999999999899e+00 1.754123500000000035e+01 1.324039600000000050e+01 2.312787600000000054e+01 2.150061000000000178e+01 2.179276700000000133e+01 3.278072999999999837e+01 4.526705599999999663e+01 9.204201000000000477e+01 1.131192300000000017e+02 9.923955499999999574e+01 5.663928000000000651e+01 2.989361999999999853e+01 1.247131599999999985e+01 1.147864099999999965e+01 1.217741299999999960e+01 1.014574999999999960e+01 3.690580600000000988e+00 3.284113200000000621e+00 7.493755999999999418e+00 3.591335299999999453e+00 5.024619000000000391e+00 3.813894700000000082e+00 3.049612300000000165e+00 4.512971000000000288e+00 3.314463400000000171e+00 7.031423599999999219e+00 2.795866699999999927e+00 2.137854299999999874e+00 2.630203700000000033e+00 1.948521600000000076e+00 4.092990000000000350e+00 4.029308300000000287e+00 3.198805000000000121e+00 5.501689400000000063e+00 6.490914300000000026e+00 3.156352300000000000e+00 2.779826200000000025e+00 3.179099799999999920e+00 2.221215200000000056e+00 2.852868299999999913e+00 1.727462599999999959e+00 5.034189000000000025e-01 1.927553199999999967e+00 2.909908499999999787e+00
3.071356999999999893e+00 6.043194000000000621e+00 5.240681000000000367e+00 9.520962000000000813e+00 1.158031749999999960e+01 1.408797200000000061e+01 4.009998300000000349e+00 8.065380000000001104e+00 1.108668600000000026e+01 1.395477299999999943e+01 9.187912999999999997e+00 1.543868200000000002e+01 1.723741499999999860e+01 9.955977000000000743e+00 1.613099100000000163e+01 1.604673999999999978e+01 1.346361099999999844e+01 1.115886899999999926e+01 1.693658999999999892e+01 2.335844800000000276e+01 2.384141299999999930e+01 1.828274700000000053e+01 2.893444799999999972e+01 5.217142499999999927e+01 9.923955499999999574e+01 1.159114600000000053e+02 8.765770000000000550e+01 2.783715799999999874e+01 2.885749399999999909e+01 1.287276800000000065e+01 1.211603900000000067e+01 9.619575499999999835e+00 8.331383999999999901e+00 6.487070600000000020e+00 2.960465700000000311e+00 7.296606500000000217e+00 5.293371700000000679e+00 1.721952399999999495e+00 6.425454599999999239e+00 7.131535000000000402e+00 7.482310000000000905e+00 2.777817700000000389e+00 0.000000000000000000e+00 7.882707599999999815e+00 2.078164300000000075e+00 1.539556900000000006e+00 1.940360499999999933e+00 4.775427999999999784e+00 4.212374700000000693e+00 3.725973600000000996e+00 6.410713700000000514e+00 1.246941199999999972e+00 1.464255499999999932e+00 3.767783399999999894e+00 7.020064999999999777e+00 1.803276099999999937e+00 3.639719200000000932e+00 2.386554000000000286e+00 5.076630999999999894e+00 3.448745000000000172e+00
2.909493400000000118e+00 6.678829700000000535e+00 5.791907300000000092e+00 2.705759000000000025e+00 7.835729999999999862e+00 8.155597000000000207e+00 6.647667399999999560e+00 6.548850999999999978e+00 1.050240600000000057e+01 1.057547300000000057e+01 1.087962500000000077e+01 1.657505400000000151e+01 6.389603000000000144e+00 1.160773799999999945e+01 9.168521999999999395e+00 1.520106000000000002e+01 1.200382500000000086e+01 7.928088699999999989e+00 1.351074900000000056e+01 2.112164100000000033e+01 1.672958999999999818e+01 1.731922699999999793e+01 2.817095000000000127e+01 3.219913999999999987e+01 5.663928000000000651e+01 8.765770000000000550e+01 1.398535600000000159e+02 1.070786300000000040e+02 4.000488699999999653e+01 1.662867200000000167e+01 1.755384000000000100e+01 2.202214999999999989e+01 5.524617700000000298e+00 3.687117000000000200e+00 2.804445999999999994e+00 6.912067399999999751e+00 7.521607999999999628e+00 9.787221999999999866e+00 7.608533000000000435e+00 5.911233400000000415e+00 4.252790499999999696e+00 5.262847999999999971e+00 6.975458000000001046e-01 8.534035000000001148e+00 5.905928599999999307e+00 1.458420599999999956e+00 2.450801999999999925e+00 1.507919199999999904e+00 4.788453999999999766e+00 3.529610900000000218e+00 2.429145000000000110e+00 3.543678299999999393e+00 0.000000000000000000e+00 5.948695700000000031e+00 3.325049899999999781e+00 8.541207299999999947e-01 3.447902200000000583e+00 2.260780000000000012e+00 9.618174999999999919e-01 4.355990000000000251e+00
5.319757499999999695e+00 3.489046800000000115e+00 2.269286399999999926e+00 7.420871000000000883e+00 7.879825999999998665e+00 3.389046399999999792e+00 6.077342999999999940e+00 6.984838500000000394e+00 8.915559000000000012e+00 1.369657399999999825e+01 2.254478500000000096e+01 1.871844700000000117e+01 1.233188400000000051e+01 5.969179000000000457e+00 1.210722600000000071e+01 8.106533000000000655e+00 7.544610999999999734e+00 8.455897999999999470e+00 1.389557199999999959e+01 1.747054500000000132e+01 1.835316700000000267e+01 8.796308999999999045e+00 2.018562700000000021e+01 1.163775500000000029e+01 2.989361999999999853e+01 2.783715799999999874e+01 1.070786300000000040e+02 1.285746000000000038e+02 1.414146100000000104e+02 5.270042800000000227e+01 4.011960599999999744e+01 1.596739400000000053e+01 1.298737000000000030e+01 1.348315099999999944e+01 9.614414000000000016e+00 1.404235500000000059e+01 7.640339400000000225e+00 1.043880399999999931e+01 9.738082000000000349e+00 6.176103000000000343e+00 7.775860999999999912e+00 7.216997000000000106e+00 1.020321900000000070e+01 1.072757499999999986e+01 8.398818999999999591e+00 5.333192299999999442e+00 5.601350300000000004e+00 1.240695099999999940e+01 8.755274999999999253e+00 4.302392500000000730e+00 1.110370499999999927e+00 3.239654999999999951e+00 0.000000000000000000e+00 2.175335399999999808e+00 2.026522400000000168e+00 2.342529000000000305e+00 1.576047999999999893e+00 6.889401999999998916e-01 8.793001000000000289e-01 0.000000000000000000e+00
4.438698300000000430e+00 5.822381000000000029e+00 4.418041999999999803e+00 4.127883399999999980e+00 4.781649599999999722e+00 5.089953400000000627e+00 3.622008999999999812e+00 4.995435700000000701e+00 8.583419000000001020e+00 1.142814500000000066e+01 1.825765000000000171e+01 8.181010999999999811e+00 5.415513500000000313e+00 6.640749999999999709e+00 1.165618300000000040e+01 7.730202700000000426e+00 6.867350599999999083e+00 9.071268999999999139e+00 8.373578000000000188e+00 7.672142000000000017e+00 1.148513400000000040e+01 1.321103300000000047e+01 1.219627900000000054e+01 1.313747599999999949e+01 1.247131599999999985e+01 2.885749399999999909e+01 4.000488699999999653e+01 1.414146100000000104e+02 1.586809100000000115e+02 1.209234799999999979e+02 5.201498400000000544e+01 2.490797600000000145e+01 2.287684199999999990e+01 1.218757500000000071e+01 1.176570800000000006e+01 1.347415600000000069e+01 9.562417999999999196e+00 6.843514400000000109e+00 8.125258999999999787e+00 8.373975999999998976e+00 9.191363000000000838e+00 8.028955999999999094e+00 7.981275599999999137e+00 6.509725600000000334e+00 7.007805000000000284e+00 7.787339699999998643e+00 8.412577000000000638e+00 4.600937999999999306e+00 4.261381000000000085e+00 6.282201999999999842e+00 4.632354000000000305e+00 1.802068500000000073e+00 2.116129200000000044e+00 6.352695500000000273e+00 1.690889400000000098e+00 1.954559099999999994e+00 2.630045400000000200e+00 1.149675599999999909e+00 1.467340599999999995e+00 0.000000000000000000e+00
3.075026799999999838e+00 5.445373000000000019e+00 4.722248600000000351e+00 3.431641599999999848e+00 1.490676899999999527e+00 6.112082000000000015e+00 6.022183999999999315e+00 8.997875999999999763e+00 1.236849600000000038e+01 1.508916199999999996e+01 1.839778099999999839e+01 1.236570299999999989e+01 5.402508000000000088e+00 9.201114000000000459e+00 5.814095000000000013e+00 7.229661000000000115e+00 8.563572999999999880e+00 9.217067000000000121e+00 9.638617500000000504e+00 5.740287999999999613e+00 4.773979699999999937e+00 1.159290799999999955e+01 9.656340000000000146e+00 1.519527500000000053e+01 1.147864099999999965e+01 1.287276800000000065e+01 1.662867200000000167e+01 5.270042800000000227e+01 1.209234799999999979e+02 1.578212399999999889e+02 1.134560000000000031e+02 3.756116999999999706e+01 2.352257300000000129e+01 1.519788299999999914e+01 1.467181399999999947e+01 1.509767100000000006e+01 1.271927100000000088e+01 1.137846500000000027e+01 8.684727999999999781e+00 1.071008400000000016e+01 1.033792500000000025e+01 8.343410499999999175e+00 1.194316199999999917e+01 6.764679400000001230e+00 9.570978000000000208e+00 7.861121000000000691e+00 9.324859000000000009e+00 8.127926999999999680e+00 5.060889200000000088e+00 6.714765500000000387e+00 3.080819400000000208e+00 2.996234700000000029e+00 1.759205899999999767e+00 1.508914099999999925e+00 1.405690399999999896e+00 1.624887600000000099e+00 2.733051000000000119e+00 0.000000000000000000e+00 6.099236000000000102e-01 0.000000000000000000e+00
4.494616500000000237e+00 2.947865200000000296e+00 5.751900700000000199e+00 6.269828999999999652e+00 5.447123999999999633e+00 5.726751300000000100e+00 4.401166400000000145e+00 5.058367700000000688e+00 8.691550999999998695e+00 1.633710499999999755e+01 2.240928299999999851e+01 6.777879000000000431e+00 1.316097099999999998e+01 8.405511999999999873e+00 4.721210500000000643e+00 3.913793599999999984e+00 3.476932300000000087e+00 6.123698000000000086e+00 6.522359400000000029e+00 6.991914999999999658e+00 8.399316000000000670e+00 5.945539499999999755e+00 6.469008999999999787e+00 1.098941800000000057e+01 1.217741299999999960e+01 1.211603900000000067e+01 1.755384000000000100e+01 4.011960599999999744e+01 5.201498400000000544e+01 1.134560000000000031e+02 1.512314499999999953e+02 1.167239759999999933e+02 4.572047799999999995e+01 2.230893500000000174e+01 1.516318399999999933e+01 1.364390200000000064e+01 1.291051200000000065e+01 1.448943099999999973e+01 1.116605700000000034e+01 1.304533900000000024e+01 1.149707399999999957e+01 6.775086400000000175e+00 1.185333999999999932e+01 7.415701400000001442e+00 8.109816000000000358e+00 9.575181000000000608e+00 7.572050599999998965e+00 1.106488700000000058e+01 1.109588199999999958e+01 2.726290500000000172e+00 3.752569400000000055e+00 1.824770800000000026e+00 2.142787999999999915e+00 1.837921700000000103e+00 8.560955000000000092e-01 0.000000000000000000e+00 6.657945499999999850e-01 1.746238699999999922e+00 7.429130000000000456e-01 3.364590200000000308e+00
5.897967000000000404e+00 5.802412000000000347e+00 2.875356700000000210e+00 5.484968000000000288e+00 4.765249999999999986e+00 4.508886300000000347e+00 3.300193499999999780e+00 5.689489400000000252e+00 4.562123000000000594e+00 1.225029999999999930e+01 2.079432500000000061e+01 1.016472100000000012e+01 7.401518300000000217e+00 5.672549700000000250e+00 7.080354700000000889e+00 5.502636400000000094e+00 7.821482999999999741e+00 5.739782299999999893e+00 3.668070000000000164e+00 4.369045299999999799e+00 3.633569500000000119e+00 7.523271000000000264e+00 1.058346700000000062e+01 7.806659700000000868e+00 1.014574999999999960e+01 9.619575499999999835e+00 2.202214999999999989e+01 1.596739400000000053e+01 2.490797600000000145e+01 3.756116999999999706e+01 1.167239759999999933e+02 1.233705499999999944e+02 9.942152000000000100e+01 2.616013299999999830e+01 2.375526599999999888e+01 1.868235800000000069e+01 1.669952800000000082e+01 1.842297399999999996e+01 1.123719799999999935e+01 8.070138000000000034e+00 1.785783999999999949e+01 9.144479999999999720e+00 1.454427899999999951e+01 1.853542699999999854e+01 8.551555999999999713e+00 1.393746100000000077e+01 1.330749899999999819e+01 1.637556499999999815e+01 9.706894000000000133e+00 7.155035499999999438e+00 3.165576999999999863e+00 1.026221800000000073e+00 2.410139000000000031e+00 2.067235199999999828e+00 0.000000000000000000e+00 1.484080400000000077e+00 0.000000000000000000e+00 3.273522000000000265e+00 8.356046700000000493e-01 9.460956999999999839e-01
5.254096499999999281e+00 5.168973000000000262e+00 1.494184500000000027e+00 0.000000000000000000e+00 1.415012099999999995e+00 2.677772800000000064e+00 8.574758999999999576e-01 9.855178999999999467e-01 4.064083999999999364e+00 9.548837000000000685e+00 1.113325799999999965e+01 3.521410700000001004e+00 6.410354599999999792e+00 3.275278800000000157e+00 9.198298499999999489e-01 2.287564300000000106e+00 2.709632200000000157e+00 3.579226499999999866e+00 7.624478300000000486e-01 6.357071000000000360e+00 1.510553000000000035e+00 2.606320999999999888e+00 5.499717999999999662e+00 2.704496900000000092e+00 3.690580600000000988e+00 8.331383999999999901e+00 5.524617700000000298e+00 1.298737000000000030e+01 2.287684199999999990e+01 2.352257300000000129e+01 4.572047799999999995e+01 9.942152000000000100e+01 1.496491199999999822e+02 1.376062200000000075e+02 6.963545999999999481e+01 3.744638400000000189e+01 2.037429600000000107e+01 1.325566099999999814e+01 1.580081299999999978e+01 1.219974400000000081e+01 1.215981700000000032e+01 1.742380100000000098e+01 1.637558399999999992e+01 2.311672599999999989e+01 2.014537199999999828e+01 1.975262000000000029e+01 1.936274699999999882e+01 2.110379000000000005e+01 7.926609000000000016e+00 2.124644299999999930e+00 1.096665399999999790e+00 6.399337000000000053e+00 6.262166000000000565e+00 1.074242700000000106e+00 5.003773000000000692e+00 2.313615600000000327e+00 5.448082399999999659e+00 6.804367300000000451e-01 1.736894100000000218e+00 0.000000000000000000e+00
2.045500300000000049e+00 3.353933800000000076e+00 2.908544500000000088e+00 1.902266100000000071e+00 1.652657499999999891e+00 3.648742700000000116e+00 4.673598999999999393e+00 3.069417699999999805e+00 4.746630000000000571e+00 5.576262500000000344e+00 8.158772000000000801e+00 4.112817299999999676e+00 3.993038700000000052e+00 4.590418299999999618e+00 1.432415399999999783e+00 8.905837500000000073e-01 4.747055999999999720e+00 0.000000000000000000e+00 4.155656300000000414e+00 3.535578700000000296e+00 2.352325700000000186e+00 4.058723000000000525e+00 3.211686600000000169e+00 3.158706200000000131e+00 3.284113200000000621e+00 6.487070600000000020e+00 3.687117000000000200e+00 1.348315099999999944e+01 1.218757500000000071e+01 1.519788299999999914e+01 2.230893500000000174e+01 2.616013299999999830e+01 1.376062200000000075e+02 1.870706800000000101e+02 1.552672300000000121e+02 6.533306000000000324e+01 3.760367600000000010e+01 3.268400199999999955e+01 2.781547000000000125e+01 1.424864200000000203e+01 2.043095999999999890e+01 2.035005800000000065e+01 2.501065600000000089e+01 2.024931499999999929e+01 1.937658100000000161e+01 2.050666000000000011e+01 1.464567199999999936e+01 1.431179099999999949e+01 8.977308999999999983e+00 3.308626200000000406e+00 7.685075000000000323e+00 3.321812900000000290e+00 5.851097000000000214e+00 5.855067700000000208e+00 3.116872799999999888e+00 1.801451899999999995e+00 2.424024999999999874e+00 1.589426500000000075e+00 1.352398899999999848e+00 2.296837599999999924e+00
7.779106000000000076e-01 7.653073700000000423e-01 1.991032600000000041e+00 2.170314600000000205e+00 1.257022400000000095e+00 1.189396399999999909e+00 6.855629000000000417e+00 1.750964800000000210e+00 6.017198000000000491e+00 4.948233000000000104e+00 5.817766000000000659e+00 3.910295500000000146e+00 2.847311299999999878e+00 1.163834299999999988e+00 2.451385700000000334e+00 1.016075999999999979e+00 1.203547499999999992e+00 2.119731200000000371e+00 3.386592999999999964e+00 8.067555000000000698e-01 3.354740000000000055e+00 5.402410999999999852e+00 3.053538000000000086e+00 4.805066000000000059e+00 7.493755999999999418e+00 2.960465700000000311e+00 2.804445999999999994e+00 9.614414000000000016e+00 1.176570800000000006e+01 1.467181399999999947e+01 1.516318399999999933e+01 2.375526599999999888e+01 6.963545999999999481e+01 1.552672300000000121e+02 1.664609499999999969e+02 1.250532759999999968e+02 6.100186999999999671e+01 3.074748800000000060e+01 2.441150000000000020e+01 2.844873400000000174e+01 2.274135199999999912e+01 2.251402300000000167e+01 2.909441800000000100e+01 2.566960999999999871e+01 1.526431299999999958e+01 1.579247200000000007e+01 1.277777299999999983e+01 1.572370899999999949e+01 5.761295300000000452e+00 2.831133799999999923e+00 4.871099500000000582e+00 1.894944900000000043e+00 6.675575699999999557e+00 1.908601599999999898e+00 3.556071499999999830e+00 3.425491000000000508e+00 2.074195899999999870e+00 2.417857000000000145e+00 2.314448399999999850e+00 0.000000000000000000e+00
5.112805999999999962e+00 0.000000000000000000e+00 3.635009000000000157e+00 1.584929000000000032e+00 3.442400700000000313e+00 6.514408000000000420e-01 8.344170499999999935e-01 2.877047500000000202e+00 4.613927400000000567e+00 3.871689299999999889e+00 6.372863999999999862e+00 6.853429300000000168e+00 3.742782399999999843e+00 3.824641999999999875e+00 1.790188399999999902e+00 1.113024100000000072e+00 1.977574600000000071e+00 2.321983799999999931e+00 3.709722000000000186e+00 0.000000000000000000e+00 1.469932000000000016e+00 3.381644200000000211e+00 4.682844599999999247e+00 5.263537999999999606e+00 3.591335299999999453e+00 7.296606500000000217e+00 6.912067399999999751e+00 1.404235500000000059e+01 1.347415600000000069e+01 1.509767100000000006e+01 1.364390200000000064e+01 1.868235800000000069e+01 3.744638400000000189e+01 6.533306000000000324e+01 1.250532759999999968e+02 1.383347500000000139e+02 1.439249899999999798e+02 6.306273699999999849e+01 3.543143500000000046e+01 3.709898400000000152e+01 2.927065999999999946e+01 2.235010099999999866e+01 1.838679099999999877e+01 1.874590299999999843e+01 2.767571600000000132e+01 1.794001400000000146e+01 1.292026500000000055e+01 2.119873799999999875e+01 1.051834099999999950e+01 5.168773700000000026e+00 7.470220599999999322e+00 3.113624300000000122e+00 1.218753500000000045e+00 3.136064000000000185e+00 1.947685600000000017e+00 3.001865399999999795e+00 2.272103800000000007e+00 1.324277499999999996e+00 1.690186399999999756e+00 3.827355400000000074e+00
1.854559400000000080e+00 4.561282599999999299e+00 2.373337300000000205e+00 8.623479600000000245e-01 3.745968599999999871e+00 1.417776199999999820e+00 9.080000499999999475e-01 5.217933000000000376e+00 1.434516099999999961e+00 2.527868500000000296e+00 6.934853999999999630e+00 6.525573699999999810e+00 4.751646000000000036e+00 0.000000000000000000e+00 1.948056199999999905e+00 1.211176000000000030e+00 4.303933999999999926e+00 3.790121599999999980e+00 2.422118199999999888e+00 2.884989700000000212e+00 1.599557799999999919e+00 1.839927199999999985e+00 3.639857800000000143e+00 3.579814199999999946e+00 5.024619000000000391e+00 5.293371700000000679e+00 7.521607999999999628e+00 7.640339400000000225e+00 9.562417999999999196e+00 1.271927100000000088e+01 1.291051200000000065e+01 1.669952800000000082e+01 2.037429600000000107e+01 3.760367600000000010e+01 6.100186999999999671e+01 1.439249899999999798e+02 1.446310100000000034e+02 1.130735099999999989e+02 6.328996000000000066e+01 3.633350000000000080e+01 3.456269000000000347e+01 2.851432600000000050e+01 2.067517000000000138e+01 2.141895900000000097e+01 2.384206999999999965e+01 2.231091699999999989e+01 1.816036599999999979e+01 1.513847200000000015e+01 1.068284000000000056e+01 5.624582000000000193e+00 3.483849300000000149e+00 7.905797999999999881e+00 2.652458200000000321e+00 5.687695999999999863e+00 9.537490000000000023e+00 1.633292299999999919e+00 1.648312699999999964e+00 0.000000000000000000e+00 2.758853000000000222e+00 9.370958999999999151e+00
0.000000000000000000e+00 1.780561699999999803e+00 1.544110100000000152e+00 1.683149000000000228e+00 5.118022400000000083e+00 3.459057000000000048e+00 3.544507499999999922e+00 2.036894600000000111e+00 2.799918700000000094e+00 2.466973499999999930e+00 4.060678500000000746e+00 6.368376699999999779e+00 4.637181799999999576e+00 3.384716500000000128e+00 4.752821400000001084e+00 3.545998600000000334e+00 1.400084899999999521e+00 1.232939999999999925e+00 3.151694500000000065e+00 5.630983999999999767e+00 3.122050799999999793e+00 0.000000000000000000e+00 3.552175800000000105e+00 6.987157000000000728e+00 3.813894700000000082e+00 1.721952399999999495e+00 9.787221999999999866e+00 1.043880399999999931e+01 6.843514400000000109e+00 1.137846500000000027e+01 1.448943099999999973e+01 1.842297399999999996e+01 1.325566099999999814e+01 3.268400199999999955e+01 3.074748800000000060e+01 6.306273699999999849e+01 1.130735099999999989e+02 1.423129700000000071e+02 1.355997800000000097e+02 5.909708000000000538e+01 4.232796499999999895e+01 3.601196999999999804e+01 2.408236700000000141e+01 2.986141399999999990e+01 1.714464200000000105e+01 1.564967399999999920e+01 1.029071199999999919e+01 1.266325299999999920e+01 8.936139999999999972e+00 6.586906400000000161e+00 3.399925200000000203e+00 4.408772500000000427e+00 6.471404999999999852e+00 2.220273300000000116e+00 2.068386000000000280e+00 7.969736499999999779e-01 3.217211700000000008e+00 2.812689000000000217e+00 2.692394000000000176e+00 0.000000000000000000e+00
2.532589200000000318e+00 3.322077300000000122e+00 0.000000000000000000e+00 7.850824600000000375e-01 2.728267000000000220e+00 1.936117400000000099e+00 3.306576699999999924e+00 8.550741000000000369e+00 5.876931700000000092e+00 6.904122000000000092e+00 5.050798999999999594e+00 4.243491999999999820e+00 3.707917199999999802e+00 1.894507200000000058e+00 8.867561999999999944e-01 5.513279400000000052e+00 3.265254700000000287e+00 3.450530500000000167e+00 2.205098899999999862e+00 4.377495999999999832e+00 2.912478199999999795e+00 5.862750499999999754e+00 2.650984300000000182e+00 3.259066300000000194e+00 3.049612300000000165e+00 6.425454599999999239e+00 7.608533000000000435e+00 9.738082000000000349e+00 8.125258999999999787e+00 8.684727999999999781e+00 1.116605700000000034e+01 1.123719799999999935e+01 1.580081299999999978e+01 2.781547000000000125e+01 2.441150000000000020e+01 3.543143500000000046e+01 6.328996000000000066e+01 1.355997800000000097e+02 1.529890300000000138e+02 1.242264799999999951e+02 6.663369000000000142e+01 3.664866599999999863e+01 3.035918799999999962e+01 2.135697000000000045e+01 1.599377999999999922e+01 1.079068799999999939e+01 1.439989800000000031e+01 9.188053000000000026e+00 7.641597299999999926e+00 6.144750000000000156e+00 5.286166699999999885e+00 4.112826999999999344e+00 2.414800599999999964e+00 2.071233700000000066e+00 3.859084600000000087e+00 3.717377400000000165e+00 4.501877000000000351e+00 2.623882800000000071e+00 4.186104300000000222e+00 2.843777000000000221e+00
2.810890399999999900e+00 9.217834499999999487e-01 3.996870799999999946e+00 1.742707299999999959e+00 3.785088299999999961e+00 7.162910999999999584e-01 9.174824999999999786e-01 4.217940000000000467e+00 7.247485000000000177e-01 7.662802000000000113e+00 6.306548599999999283e+00 3.767840899999999937e+00 4.801268000000000313e+00 2.102690700000000135e+00 1.968400099999999986e+00 2.447649200000000302e+00 1.449626899999999941e+00 0.000000000000000000e+00 1.631608600000000076e+00 2.915118200000000215e+00 7.273179999999999978e+00 3.718284000000000145e+00 4.413443599999999023e+00 4.340638600000000125e+00 4.512971000000000288e+00 7.131535000000000402e+00 5.911233400000000415e+00 6.176103000000000343e+00 8.373975999999998976e+00 1.071008400000000016e+01 1.304533900000000024e+01 8.070138000000000034e+00 1.219974400000000081e+01 1.424864200000000203e+01 2.844873400000000174e+01 3.709898400000000152e+01 3.633350000000000080e+01 5.909708000000000538e+01 1.242264799999999951e+02 1.541943399999999826e+02 1.280533300000000168e+02 5.592938600000000093e+01 3.571701999999999799e+01 2.267324400000000040e+01 2.282310700000000026e+01 1.761243200000000186e+01 1.479840199999999939e+01 1.092611800000000066e+01 9.252345999999999293e+00 6.819984400000000058e+00 4.693641999999999648e+00 3.423582800000000148e+00 6.700396000000000463e+00 3.448256299999999719e+00 3.212363700000000044e+00 3.300698300000000085e+00 2.498289600000000110e+00 5.824432400000000065e+00 3.716885800000000017e+00 3.156273800000000129e+00
1.572879100000000197e+00 3.094792599999999894e+00 6.709540499999999685e-01 2.925479700000000349e+00 3.177010800000000135e+00 0.000000000000000000e+00 1.540176300000000165e+00 7.080649000000000193e+00 4.258219200000000093e+00 5.002485299999999135e+00 5.881551299999999927e+00 3.953167699999999840e+00 4.605646000000000129e+00 4.118080600000000757e+00 3.304349999999999898e+00 2.054432400000000047e+00 4.258600700000000572e+00 1.071485900000000102e+00 2.738978599999999819e+00 2.446801999999999921e+00 3.391521000000000008e+00 2.340703700000000165e+00 4.939226599999999578e+00 2.428874299999999931e+00 3.314463400000000171e+00 7.482310000000000905e+00 4.252790499999999696e+00 7.775860999999999912e+00 9.191363000000000838e+00 1.033792500000000025e+01 1.149707399999999957e+01 1.785783999999999949e+01 1.215981700000000032e+01 2.043095999999999890e+01 2.274135199999999912e+01 2.927065999999999946e+01 3.456269000000000347e+01 4.232796499999999895e+01 6.663369000000000142e+01 1.280533300000000168e+02 1.724301499999999976e+02 1.116704900000000009e+02 4.468575300000000539e+01 3.633146700000000351e+01 2.554207200000000100e+01 2.483540700000000001e+01 2.186100599999999972e+01 1.467332500000000017e+01 1.035459799999999930e+01 5.724347999999999992e+00 8.864110999999999407e+00 4.789302300000000123e+00 6.748766000000000709e+00 7.718108999999999220e+00 8.987650000000000361e+00 2.770438200000000073e+00 6.989790999999999643e-01 2.444366200000000156e+00 3.119764800000000005e+00 1.766143900000000100e+00
1.946444999999999981e+00 3.829819999999999780e+00 2.490925999999999974e+00 1.810147200000000067e+00 2.358939200000000458e+00 0.000000000000000000e+00 2.858962800000000026e+00 2.190583999999999865e+00 3.763975400000000082e+00 2.653113600000000183e+00 1.164551450000000088e+01 6.848888400000000765e+00 2.849753999999999898e+00 1.456041099999999977e+00 3.066861199999999954e+00 3.813553999999999888e+00 3.764313000000000020e+00 0.000000000000000000e+00 3.389498500000000192e+00 0.000000000000000000e+00 4.197022399999999820e+00 1.931087699999999963e+00 2.292118299999999831e+00 3.757178500000000199e+00 7.031423599999999219e+00 2.777817700000000389e+00 5.262847999999999971e+00 7.216997000000000106e+00 8.028955999999999094e+00 8.343410499999999175e+00 6.775086400000000175e+00 9.144479999999999720e+00 1.742380100000000098e+01 2.035005800000000065e+01 2.251402300000000167e+01 2.235010099999999866e+01 2.851432600000000050e+01 3.601196999999999804e+01 3.664866599999999863e+01 5.592938600000000093e+01 1.116704900000000009e+02 1.716406700000000001e+02 1.504968000000000075e+02 5.245374699999999990e+01 2.634036000000000044e+01 2.853865000000000052e+01 1.660076099999999855e+01 1.437532599999999938e+01 1.121213000000000015e+01 8.264558000000000959e+00 6.094098599999999699e+00 3.556070000000000064e+00 4.175814599999999821e+00 8.357295999999999836e+00 4.448902999999999608e+00 3.428430000000000089e+00 4.324949000000000154e+00 7.562285699999999888e-01 2.895542400000000072e+00 2.185611200000000309e+00
5.417680299999999782e+00 2.284245700000000046e+00 1.320604600000000017e+00 7.197590000000000376e-01 1.250629500000000061e+00 5.916737300000000088e-01 3.031450299999999487e+00 8.710299999999999709e-01 2.993298300000000189e+00 3.516477000000000075e+00 4.630542799999999737e+00 4.668491000000000390e+00 4.532529000000000252e+00 1.736873099999999948e+00 4.064864599999999939e+00 1.010908499999999988e+00 2.993566500000000019e+00 0.000000000000000000e+00 1.347747900000000110e+00 0.000000000000000000e+00 2.670142999999999933e+00 2.303543799999999919e+00 1.822805199999999903e+00 4.780629000000000239e+00 2.795866699999999927e+00 0.000000000000000000e+00 6.975458000000001046e-01 1.020321900000000070e+01 7.981275599999999137e+00 1.194316199999999917e+01 1.185333999999999932e+01 1.454427899999999951e+01 1.637558399999999992e+01 2.501065600000000089e+01 2.909441800000000100e+01 1.838679099999999877e+01 2.067517000000000138e+01 2.408236700000000141e+01 3.035918799999999962e+01 3.571701999999999799e+01 4.468575300000000539e+01 1.504968000000000075e+02 1.502988900000000001e+02 1.455726500000000101e+02 5.498626700000000511e+01 4.597260700000000355e+01 2.591452999999999918e+01 2.647402599999999850e+01 8.916437000000000168e+00 9.389117999999999853e+00 8.723387999999999920e+00 6.598577000000000581e+00 4.427750600000000425e+00 1.898895000000000000e+00 8.844965700000000375e-01 3.408069999999999489e+00 6.878823800000000155e+00 2.405560499999999990e+00 3.070237000000000105e+00 1.738105400000000023e+00
1.183605599999999924e+00 2.328859000000000012e+00 2.019595900000000110e+00 1.100724800000000059e+00 1.912583399999999934e+00 4.524222400000000199e+00 2.317992999999999970e+00 1.332062999999999997e+00 0.000000000000000000e+00 9.679923999999999751e+00 8.851839999999999264e+00 5.949588300000000274e+00 2.599342599999999948e+00 5.312387499999999818e+00 1.243276499999999896e+00 3.091957600000000195e+00 2.746830200000000222e+00 4.837816700000000303e+00 2.061106000000000105e+00 1.227493600000000074e+00 2.041720000000000201e+00 3.522801400000000083e+00 1.858406299999999955e+00 4.569373999999999825e+00 2.137854299999999874e+00 7.882707599999999815e+00 8.534035000000001148e+00 1.072757499999999986e+01 6.509725600000000334e+00 6.764679400000001230e+00 7.415701400000001442e+00 1.853542699999999854e+01 2.311672599999999989e+01 2.024931499999999929e+01 2.566960999999999871e+01 1.874590299999999843e+01 2.141895900000000097e+01 2.986141399999999990e+01 2.135697000000000045e+01 2.267324400000000040e+01 3.633146700000000351e+01 5.245374699999999990e+01 1.455726500000000101e+02 1.939820699999999931e+02 1.321418899999999894e+02 6.318616999999999706e+01 3.888324399999999770e+01 3.404557800000000611e+01 1.266188299999999956e+01 1.148699599999999954e+01 1.185835200000000000e+01 5.766389000000000209e+00 6.771342800000000217e+00 0.000000000000000000e+00 5.410629699999999431e+00 6.254338699999999918e+00 1.051976100000000081e+00 2.759111199999999986e+00 1.173825499999999966e+00 6.645195499999999811e+00
2.184286000000000172e+00 2.148897999999999975e+00 3.105887700000000251e+00 2.708445000000000213e+00 1.764789500000000011e+00 3.339692400000000116e+00 1.425914200000000021e+00 1.638837900000000181e+00 2.252749399999999902e+00 5.954608999999999597e+00 2.722606400000000093e+00 2.927913000000000210e+00 5.329954999999999554e-01 5.446528000000000480e-01 2.294405999999999946e+00 2.853028000000000119e+00 1.126475799999999916e+00 9.919948600000000338e-01 1.901835100000000001e+00 0.000000000000000000e+00 1.255964800000000103e+00 0.000000000000000000e+00 2.857998100000000097e+00 3.935192799999999824e+00 2.630203700000000033e+00 2.078164300000000075e+00 5.905928599999999307e+00 8.398818999999999591e+00 7.007805000000000284e+00 9.570978000000000208e+00 8.109816000000000358e+00 8.551555999999999713e+00 2.014537199999999828e+01 1.937658100000000161e+01 1.526431299999999958e+01 2.767571600000000132e+01 2.384206999999999965e+01 1.714464200000000105e+01 1.599377999999999922e+01 2.282310700000000026e+01 2.554207200000000100e+01 2.634036000000000044e+01 5.498626700000000511e+01 1.321418899999999894e+02 1.837581800000000101e+02 1.981771200000000022e+02 7.681691999999999609e+01 4.754660799999999909e+01 1.617707399999999751e+01 6.182950499999999572e+00 1.003017000000000003e+01 5.320794000000000246e+00 4.165394000000000041e+00 3.572760300000000111e+00 4.992525999999999797e+00 1.282453000000000065e+00 1.294246900000000089e+00 2.263024300000000100e+00 1.444158399999999842e+00 1.635117799999999955e+00
1.618174599999999907e+00 1.591957899999999926e+00 3.451380499999999962e+00 1.504863599999999968e+00 2.614801400000000164e+00 1.237064399999999509e+00 7.922650599999999654e-01 9.105695499999999498e-01 2.503340999999999816e+00 4.411325499999999344e+00 7.866205700000000078e+00 4.067010400000000025e+00 1.184569699999999948e+00 1.210478000000000165e+00 8.498769999999999936e-01 6.340786500000000103e+00 1.251782699999999915e+00 1.102342399999999945e+00 2.113391599999999926e+00 8.390881999999999508e-01 2.093513699999999922e+00 8.027036999999999090e-01 2.540733000000000352e+00 4.372936199999999829e+00 1.948521600000000076e+00 1.539556900000000006e+00 1.458420599999999956e+00 5.333192299999999442e+00 7.787339699999998643e+00 7.861121000000000691e+00 9.575181000000000608e+00 1.393746100000000077e+01 1.975262000000000029e+01 2.050666000000000011e+01 1.579247200000000007e+01 1.794001400000000146e+01 2.231091699999999989e+01 1.564967399999999920e+01 1.079068799999999939e+01 1.761243200000000186e+01 2.483540700000000001e+01 2.853865000000000052e+01 4.597260700000000355e+01 6.318616999999999706e+01 1.981771200000000022e+02 1.496536000000000115e+02 1.410771200000000078e+02 5.975454700000000230e+01 2.063977799999999974e+01 5.889197000000000237e+00 8.106113000000000568e+00 4.927223699999999873e+00 4.628744000000000192e+00 6.947828000000000337e+00 3.698589800000000150e+00 4.275331500000000062e+00 4.314649000000000179e+00 2.514758599999999955e+00 8.024018400000000328e-01 1.817004999999999981e+00
3.399075700000000477e+00 1.337602399999999969e+00 2.899935000000000151e+00 1.264423599999999981e+00 5.492551999999999435e-01 4.157648000000000010e+00 1.997042100000000486e+00 1.530165999999999915e+00 3.155053399999999897e+00 6.177507399999999649e+00 4.575725000000000264e+00 3.417202700000000259e+00 2.488262000000000196e+00 3.051220400000000055e+00 0.000000000000000000e+00 4.439737999999999296e+00 0.000000000000000000e+00 2.778646000000000171e+00 2.367631700000000450e+00 2.115067999999999948e+00 1.172681300000000038e+00 6.070062999999999320e+00 1.601089999999999902e+00 3.149356100000000325e+00 4.092990000000000350e+00 1.940360499999999933e+00 2.450801999999999925e+00 5.601350300000000004e+00 8.412577000000000638e+00 9.324859000000000009e+00 7.572050599999998965e+00 1.330749899999999819e+01 1.936274699999999882e+01 1.464567199999999936e+01 1.277777299999999983e+01 1.292026500000000055e+01 1.816036599999999979e+01 1.029071199999999919e+01 1.439989800000000031e+01 1.479840199999999939e+01 2.186100599999999972e+01 1.660076099999999855e+01 2.591452999999999918e+01 3.888324399999999770e+01 7.681691999999999609e+01 1.410771200000000078e+02 1.533243699999999876e+02 1.395233000000000061e+02 3.020873500000000078e+01 1.484474699999999991e+01 1.021643500000000060e+01 5.795964999999999812e+00 7.778370400000000018e+00 2.501886999999999972e+00 2.330734999999999779e+00 5.388358599999999221e+00 1.812637300000000007e+00 1.584721800000000069e+00 2.022593699999999828e+00 3.053385000000000016e+00
1.673095199999999894e+00 8.229943999999999038e-01 7.137040000000000051e-01 1.555938499999999891e+00 2.703547499999999992e+00 2.558100500000000110e+00 8.191544400000000392e-01 1.882948400000000078e+00 2.588303999999999938e+00 6.081393700000000457e+00 9.384442999999999202e+00 7.569079999999999586e+00 5.511482700000000179e+00 1.877342099999999903e+00 4.393608599999999420e+00 2.185330599999999901e+00 6.471340700000000057e-01 1.139755699999999816e+00 1.456746600000000003e+00 1.735133500000000106e+00 5.050657299999999239e+00 8.299473499999999726e-01 2.626965300000000170e+00 6.459076000000000484e+00 4.029308300000000287e+00 4.775427999999999784e+00 1.507919199999999904e+00 1.240695099999999940e+01 4.600937999999999306e+00 8.127926999999999680e+00 1.106488700000000058e+01 1.637556499999999815e+01 2.110379000000000005e+01 1.431179099999999949e+01 1.572370899999999949e+01 2.119873799999999875e+01 1.513847200000000015e+01 1.266325299999999920e+01 9.188053000000000026e+00 1.092611800000000066e+01 1.467332500000000017e+01 1.437532599999999938e+01 2.647402599999999850e+01 3.404557800000000611e+01 4.754660799999999909e+01 5.975454700000000230e+01 1.395233000000000061e+02 1.567327300000000037e+02 6.883964499999999020e+01 2.435630199999999945e+01 1.257185199999999980e+01 1.935892300000000077e+01 3.589382399999999862e+00 6.157402499999999890e+00 9.560299000000000547e+00 7.367392999999998970e+00 4.461087700000000211e+00 2.600109300000000179e+00 4.148176699999999606e+00 2.818011000000000266e+00
1.770992199999999794e+00 4.355748999999999427e+00 3.021858200000000050e+00 2.470470399999999955e+00 7.154347300000000187e-01 3.384726500000000193e+00 4.335426000000000002e+00 9.965621999999999536e-01 3.424690200000000129e+00 8.046539000000000330e-01 7.284602999999999717e+00 2.670655000000000001e+00 4.537534700000000143e+00 2.649586700000000405e+00 3.720551700000000128e+00 1.156599900000000014e+00 2.739997900000000097e+00 1.206445699999999954e+00 1.541984299999999974e+00 1.836660500000000029e+00 2.291221600000000080e+00 0.000000000000000000e+00 5.561351000000000155e+00 3.418506100000000103e+00 3.198805000000000121e+00 4.212374700000000693e+00 4.788453999999999766e+00 8.755274999999999253e+00 4.261381000000000085e+00 5.060889200000000088e+00 1.109588199999999958e+01 9.706894000000000133e+00 7.926609000000000016e+00 8.977308999999999983e+00 5.761295300000000452e+00 1.051834099999999950e+01 1.068284000000000056e+01 8.936139999999999972e+00 7.641597299999999926e+00 9.252345999999999293e+00 1.035459799999999930e+01 1.121213000000000015e+01 8.916437000000000168e+00 1.266188299999999956e+01 1.617707399999999751e+01 2.063977799999999974e+01 3.020873500000000078e+01 6.883964499999999020e+01 1.515646500000000003e+02 9.453198000000000434e+01 4.435820800000000474e+01 3.127674499999999824e+01 1.139821799999999996e+01 8.690248999999999668e+00 1.315560400000000030e+01 1.169771599999999978e+01 9.444233999999999796e+00 6.880620500000000028e+00 7.903613599999999906e+00 3.977199800000000174e+00
2.610827399999999798e+00 2.568528399999999934e+00 7.796032399999999640e+00 0.000000000000000000e+00 1.054706200000000038e+00 3.991857800000000012e+00 1.278272000000000075e+00 0.000000000000000000e+00 3.029242500000000060e+00 3.558704000000000089e+00 1.952561500000000061e+00 2.624750600000000045e+00 1.911232000000000042e+00 3.906066699999999781e+00 1.096980399999999989e+01 3.410159300000000115e+00 5.049190000000000289e+00 3.557126300000000185e+00 1.136609999999999898e+00 4.061455200000000154e+00 7.881436299999999839e+00 0.000000000000000000e+00 4.099319999999999631e+00 5.039621000000000350e+00 5.501689400000000063e+00 3.725973600000000996e+00 3.529610900000000218e+00 4.302392500000000730e+00 6.282201999999999842e+00 6.714765500000000387e+00 2.726290500000000172e+00 7.155035499999999438e+00 2.124644299999999930e+00 3.308626200000000406e+00 2.831133799999999923e+00 5.168773700000000026e+00 5.624582000000000193e+00 6.586906400000000161e+00 6.144750000000000156e+00 6.819984400000000058e+00 5.724347999999999992e+00 8.264558000000000959e+00 9.389117999999999853e+00 1.148699599999999954e+01 6.182950499999999572e+00 5.889197000000000237e+00 1.484474699999999991e+01 2.435630199999999945e+01 9.453198000000000434e+01 1.282751800000000060e+02 7.847235999999999478e+01 4.451876399999999734e+01 2.240459999999999852e+01 2.402121999999999957e+01 1.342676700000000167e+01 1.379597999999999836e+01 1.740356600000000142e+01 1.014353000000000016e+01 1.424089799999999961e+01 1.465814200000000156e+01
1.347615599999999914e+00 1.325782399999999805e+00 2.299447300000000194e+00 3.759750599999999832e+00 5.444016000000000410e+00 4.120908299999999969e+00 1.319596500000000061e+00 7.583222400000000363e+00 3.127173200000000541e+00 2.449167500000000164e+00 1.007842300000000080e+00 2.709604700000000310e+00 1.973019100000000359e+00 3.024257700000000160e+00 5.662219999999999587e+00 0.000000000000000000e+00 4.169938000000000144e+00 3.672122499999999956e+00 2.346709700000000343e+00 1.397585199999999972e+00 2.324637200000000181e+00 8.021898000000000195e+00 3.173883200000000127e+00 2.081017500000000187e+00 6.490914300000000026e+00 6.410713700000000514e+00 2.429145000000000110e+00 1.110370499999999927e+00 4.632354000000000305e+00 3.080819400000000208e+00 3.752569400000000055e+00 3.165576999999999863e+00 1.096665399999999790e+00 7.685075000000000323e+00 4.871099500000000582e+00 7.470220599999999322e+00 3.483849300000000149e+00 3.399925200000000203e+00 5.286166699999999885e+00 4.693641999999999648e+00 8.864110999999999407e+00 6.094098599999999699e+00 8.723387999999999920e+00 1.185835200000000000e+01 1.003017000000000003e+01 8.106113000000000568e+00 1.021643500000000060e+01 1.257185199999999980e+01 4.435820800000000474e+01 7.847235999999999478e+01 1.113877200000000016e+02 8.535054000000000940e+01 3.854817599999999800e+01 4.132964299999999724e+01 2.156129599999999868e+01 1.305514999999999937e+01 1.317521099999999912e+01 9.424307999999999907e+00 8.018882000000001398e+00 6.052806400000000586e+00
2.621233000000000146e+00 0.000000000000000000e+00 1.118157700000000032e+00 3.656525600000000153e+00 2.117819499999999966e+00 2.003883800000000104e+00 2.566733099999999990e+00 2.950009000000000103e+00 2.027543800000000118e+00 1.190962400000000088e+00 2.940515299999999943e+00 1.317605899999999997e+00 2.878274000000000221e+00 3.921634399999999854e+00 0.000000000000000000e+00 3.423750599999999977e+00 3.041588299999999911e+00 5.356955000000000133e+00 2.282280000000000086e+00 2.718428100000000125e+00 4.521627400000000740e+00 6.501379499999999645e+00 1.028914499999999954e+00 5.059706699999999557e+00 3.156352300000000000e+00 1.246941199999999972e+00 3.543678299999999393e+00 3.239654999999999951e+00 1.802068500000000073e+00 2.996234700000000029e+00 1.824770800000000026e+00 1.026221800000000073e+00 6.399337000000000053e+00 3.321812900000000290e+00 1.894944900000000043e+00 3.113624300000000122e+00 7.905797999999999881e+00 4.408772500000000427e+00 4.112826999999999344e+00 3.423582800000000148e+00 4.789302300000000123e+00 3.556070000000000064e+00 6.598577000000000581e+00 5.766389000000000209e+00 5.320794000000000246e+00 4.927223699999999873e+00 5.795964999999999812e+00 1.935892300000000077e+01 3.127674499999999824e+01 4.451876399999999734e+01 8.535054000000000940e+01 1.245108259999999945e+02 7.497965000000000657e+01 4.662611400000000117e+01 3.295179699999999912e+01 1.731370499999999879e+01 1.281348099999999945e+01 1.323914399999999958e+01 1.039829499999999918e+01 1.618822000000000116e+01
6.156111699999999409e+00 3.028187299999999915e+00 3.939083600000000907e+00 0.000000000000000000e+00 6.217272000000000354e+00 1.176558299999999946e+00 3.014058000000000348e+00 0.000000000000000000e+00 3.571349899999999522e+00 1.398520800000000008e+00 1.150994099999999909e+00 3.094470700000000019e+00 5.633155999999999608e+00 2.302544399999999936e+00 0.000000000000000000e+00 8.040869999999999962e+00 2.381113299999999988e+00 4.193702700000000227e+00 1.340015500000000026e+00 1.596095000000000041e+00 1.327411799999999920e+00 3.053770300000000049e+00 6.041157700000000297e+00 0.000000000000000000e+00 2.779826200000000025e+00 1.464255499999999932e+00 0.000000000000000000e+00 0.000000000000000000e+00 2.116129200000000044e+00 1.759205899999999767e+00 2.142787999999999915e+00 2.410139000000000031e+00 6.262166000000000565e+00 5.851097000000000214e+00 6.675575699999999557e+00 1.218753500000000045e+00 2.652458200000000321e+00 6.471404999999999852e+00 2.414800599999999964e+00 6.700396000000000463e+00 6.748766000000000709e+00 4.175814599999999821e+00 4.427750600000000425e+00 6.771342800000000217e+00 4.165394000000000041e+00 4.628744000000000192e+00 7.778370400000000018e+00 3.589382399999999862e+00 1.139821799999999996e+01 2.240459999999999852e+01 3.854817599999999800e+01 7.497965000000000657e+01 2.069103200000000129e+02 1.321600300000000061e+02 3.517687999999999704e+01 5.150545999999999935e+01 2.188594600000000057e+01 1.554643399999999964e+01 9.157866500000000798e+00 8.640667000000000542e+00
0.000000000000000000e+00 2.597350400000000281e+00 2.252432300000000165e+00 3.682878000000000096e+00 1.066541299999999914e+00 3.027488500000000027e+00 1.292615800000000092e+00 1.485634799999999922e+00 2.042156199999999977e+00 1.199545599999999990e+00 3.948943100000000594e+00 1.327101700000000051e+00 1.932678300000000071e+00 1.974948600000000054e+00 2.773224400000000145e+00 3.448425299999999805e+00 2.042339300000000080e+00 5.395561999999999969e+00 2.298728200000000221e+00 4.107029400000000052e+00 2.277107200000000109e+00 1.309646800000000111e+00 1.036329699999999798e+00 0.000000000000000000e+00 3.179099799999999920e+00 3.767783399999999894e+00 5.948695700000000031e+00 2.175335399999999808e+00 6.352695500000000273e+00 1.508914099999999925e+00 1.837921700000000103e+00 2.067235199999999828e+00 1.074242700000000106e+00 5.855067700000000208e+00 1.908601599999999898e+00 3.136064000000000185e+00 5.687695999999999863e+00 2.220273300000000116e+00 2.071233700000000066e+00 3.448256299999999719e+00 7.718108999999999220e+00 8.357295999999999836e+00 1.898895000000000000e+00 0.000000000000000000e+00 3.572760300000000111e+00 6.947828000000000337e+00 2.501886999999999972e+00 6.157402499999999890e+00 8.690248999999999668e+00 2.402121999999999957e+01 4.132964299999999724e+01 4.662611400000000117e+01 1.321600300000000061e+02 1.327895199999999818e+02 7.995598599999999578e+01 3.255183800000000360e+01 1.877211199999999991e+01 1.948896799999999985e+01 1.570985199999999971e+01 1.334036099999999792e+01
1.229757500000000059e+00 3.629501600000000217e+00 0.000000000000000000e+00 6.861871000000000720e+00 9.935800399999999977e-01 3.760507000000000044e+00 1.204188999999999954e+00 2.768007499999999954e+00 1.902453900000000031e+00 4.469942600000000432e+00 2.759099200000000085e+00 3.708947199999999889e+00 2.700698000000000043e+00 4.599610000000000198e+00 3.875265600000000088e+00 4.818781999999999677e+00 6.659185400000001032e+00 3.350970700000000413e+00 2.141474000000000100e+00 5.101427600000000062e+00 2.121332199999999890e+00 6.100274599999999658e+00 3.861740999999999868e+00 2.848527999999999949e+00 2.221215200000000056e+00 7.020064999999999777e+00 3.325049899999999781e+00 2.026522400000000168e+00 1.690889400000000098e+00 1.405690399999999896e+00 8.560955000000000092e-01 0.000000000000000000e+00 5.003773000000000692e+00 3.116872799999999888e+00 3.556071499999999830e+00 1.947685600000000017e+00 9.537490000000000023e+00 2.068386000000000280e+00 3.859084600000000087e+00 3.212363700000000044e+00 8.987650000000000361e+00 4.448902999999999608e+00 8.844965700000000375e-01 5.410629699999999431e+00 4.992525999999999797e+00 3.698589800000000150e+00 2.330734999999999779e+00 9.560299000000000547e+00 1.315560400000000030e+01 1.342676700000000167e+01 2.156129599999999868e+01 3.295179699999999912e+01 3.517687999999999704e+01 7.995598599999999578e+01 1.096212900000000019e+02 8.014461999999998909e+01 3.825484000000000151e+01 2.866696400000000011e+01 2.439192399999999950e+01 1.657034299999999760e+01
2.843040999999999929e+00 1.864653200000000011e+00 1.617034600000000211e+00 3.525280000000000413e+00 2.297029000000000210e+00 2.897935899999999787e+00 9.279764999999999819e-01 1.066546100000000052e+00 1.466075999999999935e+00 2.583482699999999799e+00 7.087424399999999736e-01 1.905468500000000009e+00 2.774962400000000162e+00 3.544568299999999894e+00 9.954572000000000420e-01 3.713467399999999863e+00 1.466207500000000108e+00 3.873505999999999894e+00 0.000000000000000000e+00 3.931280999999999803e+00 4.086872000000000504e+00 4.701016400000000317e+00 1.487974499999999978e+00 7.317143000000000397e-01 2.852868299999999913e+00 1.803276099999999937e+00 8.541207299999999947e-01 2.342529000000000305e+00 1.954559099999999994e+00 1.624887600000000099e+00 0.000000000000000000e+00 1.484080400000000077e+00 2.313615600000000327e+00 1.801451899999999995e+00 3.425491000000000508e+00 3.001865399999999795e+00 1.633292299999999919e+00 7.969736499999999779e-01 3.717377400000000165e+00 3.300698300000000085e+00 2.770438200000000073e+00 3.428430000000000089e+00 3.408069999999999489e+00 6.254338699999999918e+00 1.282453000000000065e+00 4.275331500000000062e+00 5.388358599999999221e+00 7.367392999999998970e+00 1.169771599999999978e+01 1.379597999999999836e+01 1.305514999999999937e+01 1.731370499999999879e+01 5.150545999999999935e+01 3.255183800000000360e+01 8.014461999999998909e+01 1.260265299999999939e+02 9.517856600000000356e+01 4.786478999999999928e+01 2.819549200000000155e+01 2.021837400000000073e+01
0.000000000000000000e+00 0.000000000000000000e+00 1.631905399999999506e+00 3.557700000000000085e+00 0.000000000000000000e+00 2.193439699999999881e+00 1.873021100000000105e+00 1.076354400000000044e+00 7.397793499999999467e-01 0.000000000000000000e+00 1.430520500000000084e+00 9.614959400000000489e-01 2.800482000000000138e+00 5.008032000000000039e+00 1.004611700000000107e+00 0.000000000000000000e+00 3.699228300000000136e+00 3.909128400000000170e+00 0.000000000000000000e+00 3.967434599999999811e+00 1.649782500000000152e+00 2.846549299999999949e+00 2.252488000000000046e+00 2.953774000000000122e+00 1.727462599999999959e+00 3.639719200000000932e+00 3.447902200000000583e+00 1.576047999999999893e+00 2.630045400000000200e+00 2.733051000000000119e+00 6.657945499999999850e-01 0.000000000000000000e+00 5.448082399999999659e+00 2.424024999999999874e+00 2.074195899999999870e+00 2.272103800000000007e+00 1.648312699999999964e+00 3.217211700000000008e+00 4.501877000000000351e+00 2.498289600000000110e+00 6.989790999999999643e-01 4.324949000000000154e+00 6.878823800000000155e+00 1.051976100000000081e+00 1.294246900000000089e+00 4.314649000000000179e+00 1.812637300000000007e+00 4.461087700000000211e+00 9.444233999999999796e+00 1.740356600000000142e+01 1.317521099999999912e+01 1.281348099999999945e+01 2.188594600000000057e+01 1.877211199999999991e+01 3.825484000000000151e+01 9.517856600000000356e+01 1.173047200000000032e+02 1.151887799999999942e+02 4.837313999999999936e+01 2.362604299999999924e+01
1.672282499999999894e+00 1.645189299999999966e+00 3.566786299999999965e+00 0.000000000000000000e+00 1.351117099999999960e+00 3.196072000000000024e+00 3.275025999999999993e+00 0.000000000000000000e+00 1.293523399999999768e+00 2.279414699999999794e+00 0.000000000000000000e+00 8.406003000000000780e-01 1.836268400000000023e+00 2.501906899999999823e+00 0.000000000000000000e+00 1.092134600000000066e+00 4.527737600000000029e+00 3.417606399999999933e+00 1.456038800000000188e+00 8.671453000000001188e-01 2.884687700000000188e+00 2.488632700000000142e+00 3.282111399999999790e+00 1.291187599999999991e+00 5.034189000000000025e-01 2.386554000000000286e+00 2.260780000000000012e+00 6.889401999999998916e-01 1.149675599999999909e+00 0.000000000000000000e+00 1.746238699999999922e+00 3.273522000000000265e+00 6.804367300000000451e-01 1.589426500000000075e+00 2.417857000000000145e+00 1.324277499999999996e+00 0.000000000000000000e+00 2.812689000000000217e+00 2.623882800000000071e+00 5.824432400000000065e+00 2.444366200000000156e+00 7.562285699999999888e-01 2.405560499999999990e+00 2.759111199999999986e+00 2.263024300000000100e+00 2.514758599999999955e+00 1.584721800000000069e+00 2.600109300000000179e+00 6.880620500000000028e+00 1.014353000000000016e+01 9.424307999999999907e+00 1.323914399999999958e+01 1.554643399999999964e+01 1.948896799999999985e+01 2.866696400000000011e+01 4.786478999999999928e+01 1.151887799999999942e+02 1.149989499999999936e+02 9.204478500000000452e+01 6.102724499999999352e+01
3.201522000000000201e+00 3.149653200000000375e+00 2.731391400000000136e+00 9.924463000000000035e-01 3.448884000000000061e+00 3.263338800000000095e+00 2.089971499999999871e+00 0.000000000000000000e+00 0.000000000000000000e+00 1.939490699999999901e+00 7.981083000000001038e-01 3.218595500000000165e+00 7.812149000000000454e-01 1.596602300000000030e+00 2.241950300000000063e+00 0.000000000000000000e+00 4.127706500000000389e+00 4.361919400000000557e+00 4.645886400000000194e+00 5.533723999999999421e+00 1.840875500000000109e+00 3.176262599999999825e+00 8.377972000000000197e-01 1.647953500000000071e+00 1.927553199999999967e+00 5.076630999999999894e+00 9.618174999999999919e-01 8.793001000000000289e-01 1.467340599999999995e+00 6.099236000000000102e-01 7.429130000000000456e-01 8.356046700000000493e-01 1.736894100000000218e+00 1.352398899999999848e+00 2.314448399999999850e+00 1.690186399999999756e+00 2.758853000000000222e+00 2.692394000000000176e+00 4.186104300000000222e+00 3.716885800000000017e+00 3.119764800000000005e+00 2.895542400000000072e+00 3.070237000000000105e+00 1.173825499999999966e+00 1.444158399999999842e+00 8.024018400000000328e-01 2.022593699999999828e+00 4.148176699999999606e+00 7.903613599999999906e+00 1.424089799999999961e+01 8.018882000000001398e+00 1.039829499999999918e+01 9.157866500000000798e+00 1.570985199999999971e+01 2.439192399999999950e+01 2.819549200000000155e+01 4.837313999999999936e+01 9.204478500000000452e+01 1.344112199999999859e+02 8.148448000000000491e+01
3.624855499999999786e+00 0.000000000000000000e+00 1.030853400000000031e+00 3.371029000000000053e+00 0.000000000000000000e+00 2.771134600000000336e+00 1.183162999999999965e+00 5.439352500000000035e+00 1.869235900000000061e+00 0.000000000000000000e+00 0.000000000000000000e+00 2.429458000000000339e+00 1.769028100000000325e+00 1.807719100000000356e+00 2.538400699999999954e+00 0.000000000000000000e+00 2.804104999999999848e+00 0.000000000000000000e+00 3.156123899999999871e+00 5.012353400000000292e+00 4.168585000000000207e+00 1.198752000000000040e+00 3.794312699999999872e+00 1.865860499999999922e+00 2.909908499999999787e+00 3.448745000000000172e+00 4.355990000000000251e+00 0.000000000000000000e+00 0.000000000000000000e+00 0.000000000000000000e+00 3.364590200000000308e+00 9.460956999999999839e-01 0.000000000000000000e+00 2.296837599999999924e+00 0.000000000000000000e+00 3.827355400000000074e+00 9.370958999999999151e+00 0.000000000000000000e+00 2.843777000000000221e+00 3.156273800000000129e+00 1.766143900000000100e+00 2.185611200000000309e+00 1.738105400000000023e+00 6.645195499999999811e+00 1.635117799999999955e+00 1.817004999999999981e+00 3.053385000000000016e+00 2.818011000000000266e+00 3.977199800000000174e+00 1.465814200000000156e+01 6.052806400000000586e+00 1.618822000000000116e+01 8.640667000000000542e+00 1.334036099999999792e+01 1.657034299999999760e+01 2.021837400000000073e+01 2.362604299999999924e+01 6.102724499999999352e+01 8.148448000000000491e+01 1.261778639999999996e+02
